257.143 232.387
258.226 263.758
261.292 294.339
268.852 324.935
282.931 350.984
302.901 375.41
327.62 396.094
355.689 415.931
388.233 420.775
420.054 414.353
447.984 393.753
470.973 369.212
489.549 341.263
499.011 312.47
502.998 281.834
504.311 249.767
504.162 216.955
266.43 208.189
281.952 192.836
304.084 188.825
326.805 189.063
348.519 195.878
398.36 191.179
420.937 182.447
445.718 178.521
469.439 183.898
486.208 199.453
374.469 216.304
376.018 240.888
377.505 265.38
379 290.406
349.713 300.678
364.105 305.465
380.406 310.403
396.323 304.098
410.395 298.273
292.784 225.231
308.467 217.477
325.366 216.829
341.152 226.365
325.2 227.899
308.619 228.389
410.07 223.591
426.974 212.549
443.798 211.609
459.709 218.427
445.013 223.449
428.198 224.243
320.033 330.414
342.506 325.699
364.473 323.446
381.989 326.826
399.519 322.321
424.374 322.75
446.764 325.821
427.195 356.964
403.462 373.249
384.393 376.854
366.105 375.045
342.797 360.639
328.048 333.247
364.957 331.65
382.283 334.071
400.053 330.794
438.958 328.756
401.624 356.612
383.3 360.346
365.627 357.613
