243.758 231.047
242.485 256.339
242.126 281.023
244.506 306.633
253.014 330.886
268.159 352.335
284.947 371.825
304.449 388.033
330.079 393.844
356.157 390.229
377.385 375
395.311 356.712
412.306 336.603
423.172 312.873
427.746 287.421
429.424 262.706
429.363 237.902
257.6 219.607
270.477 208.008
289.871 206.588
308.905 210.382
326.812 217.009
348.432 217.868
366.443 212.239
385.362 209.633
403.479 212.642
416.047 223.918
336.588 232.387
336.036 247.436
335.504 262.577
334.994 278.247
309.652 286.28
321.267 290.162
333.62 294.291
346.653 291.37
358.64 288.611
277.612 230.552
288.695 226.227
301.777 226.731
313.031 235.439
300.741 236.259
287.682 235.701
359.617 237.093
372.769 229.323
385.74 229.745
396.852 235.251
386.155 239.221
373.034 239.041
284.649 312.367
301.46 308.894
319.828 307.361
332.371 310.999
345.607 308.516
363.906 311.78
380.532 315.689
362.839 335.976
344.756 345.781
330.586 346.85
316.976 344.639
299.753 333.946
290.561 314.252
319.249 316.962
332.106 319.552
345.336 318.338
374.715 317.427
344.886 330.062
331.465 331.397
318.348 329.583
