254.46 215.514
255.081 239.854
254.854 263.444
256.26 287.229
263.456 310.022
276.787 329.179
294.708 346.355
315.501 360.709
340.445 365.961
364.288 362.644
383.437 348.987
400.336 333.787
414.726 316.209
423.063 295.431
426.71 273.204
428.422 251.41
430.865 230.37
275.047 217.177
287.954 204.062
306.891 199.76
326.535 201.423
344.394 208.17
360.319 210.344
377.068 204.533
396.168 203.497
413.374 209.573
422.275 224.89
351.69 222.809
351.704 236.658
351.995 250.531
352.185 265.153
325.975 270.916
337.418 274.812
349.685 278.955
361.472 276.118
371.907 273.352
297.115 223.43
306.958 219.231
318.346 219.461
327.954 226.527
317.56 227.707
306.062 227.041
370.716 228.762
381.327 222.736
392.435 223.801
400.407 229.136
392.195 231.531
380.884 231.028
305.619 295.895
320.674 293.117
336.643 292.174
347.061 294.979
357.757 293.264
371.327 296.12
383.935 298.904
370.594 316.933
356.897 323.011
345.466 323.782
334.268 322.277
318.908 314.605
310.176 297.425
336.203 298.16
346.773 299.879
357.388 299.201
378.298 300.81
357.143 311.368
346.336 312.001
335.59 310.484
