189.031 238.025
191.442 263.617
194.978 287.917
199.666 312.238
206.514 335.602
220.635 356.4
241.03 373.339
262.947 388.793
289.245 393.642
315.743 389.113
339.617 375.369
360.654 358.338
376.522 335.775
385.085 311.357
389.213 285.7
391.049 259.334
392.048 231.729
203.143 231.122
215.252 218.477
232.95 213.409
252.581 214.567
269.707 222.4
294.128 222.087
313.11 213.296
333.956 209.893
354.494 213.459
370.365 225.862
284.421 237.072
284.924 254.592
285.324 272.463
285.732 290.926
265.987 299.602
275.909 304.197
287.101 308.115
298.352 303.669
308.737 299.01
226.488 243.996
236.831 238.322
248.841 237.476
261.374 244.276
248.71 245.72
237.108 246.326
310.052 242.356
322.315 234.881
334.495 234.116
345.909 239.034
335.435 242.509
323.487 243.14
247.391 321.283
262.249 321.054
276.323 320.91
287.382 323.64
298.546 321.005
313.778 320.992
330.297 321.351
314.169 337.64
299.255 344.141
287.659 345.367
275.99 343.62
262.315 335.916
252.785 323.356
276.113 327.814
287.347 329.044
298.641 327.71
324.412 323.554
298.709 331.985
287.488 333.623
275.986 331.851
