216.4 229.192
217.884 252.483
220.783 275.151
225.833 299.285
236.199 320.471
255.35 338.265
277.426 351.541
300.99 363.92
326.666 366.337
351.666 360.655
372.663 345.145
391.345 327.726
405.535 306.197
411.284 282.148
412.134 256.142
410.411 231.586
407.229 207.59
227.649 198.232
237.03 185.942
252.456 180.584
269.984 181.412
285.529 187.575
321.953 183.22
337.825 174.705
355.854 170.779
373.699 174.635
387.261 184.131
307.465 206.947
309.069 224.559
310.816 241.973
312.604 259.418
291.019 270.484
302.285 273.29
314.472 275.711
325.639 271.598
336.236 267.806
247.3 215.11
257.486 208.96
269.374 208.176
281.605 214.83
269.864 216.085
257.934 216.856
335.297 210.751
346.757 202.811
358.846 201.614
369.595 207.01
359.74 209.543
347.548 210.534
267.118 293.973
283.426 288.472
301.926 286.379
315.296 287.8
328.646 284.308
348.201 284.396
365.915 287.755
350.854 307.695
332.777 317.488
318.559 320.006
304.493 319.18
285.184 311.469
272.869 295.323
302.729 292.969
316.164 294.292
329.36 291.156
360.1 289.763
330.705 306.84
317.045 309.064
303.414 308.301
