318.52 208.427
320.493 230.072
321.631 253.622
324.449 278.888
332.551 302.878
348.562 323.288
369.312 338.143
390.746 351.438
414.828 355.328
439.549 350.154
461.644 336.707
483.354 321.436
500.142 302.23
509.709 279.137
512.195 254.348
513.801 230.183
515.467 206.494
330.691 192.677
340.688 175.949
359.379 170.337
379.73 172.653
399.211 179.2
421.118 177.74
441.027 169.652
463.112 167.276
483.17 173.824
495.387 189.911
411.199 192.27
411.066 203.097
410.982 214.278
410.85 226.371
391.773 245.564
401.31 247.593
411.294 249.777
421.895 247.584
432.282 245.098
353.761 200.714
363.93 193.88
376.78 192.779
388.539 199.836
377.186 201.963
364.385 203.026
436.557 198.337
448.147 191.266
460.637 192.154
471.47 198.631
460.62 200.765
448.048 200.284
367.18 278.159
381.78 268.231
399.862 264.268
411.755 266.184
424.389 263.973
443.371 267.406
460.714 276.596
444.068 296.595
425.78 305.413
412.338 306.64
399.608 305.865
382.475 297.976
372.86 278.971
400.191 272.804
412.154 273.657
424.91 272.107
454.866 277.582
424.883 293.19
411.902 294.721
399.75 293.999
