204.675 229.127
203.919 257.594
205.39 285.688
209.547 314.2
219.968 342.045
239.025 368.389
263.507 391.436
291.989 412.689
324.555 418.913
357.132 412.417
384.309 391.735
408.082 369.633
426.104 343.191
435.825 314.399
440.392 285.674
441.384 256.711
440.197 227.404
220.156 202.298
235.131 188.427
257.409 185.17
279.477 186.39
300.317 193.953
337.502 194.194
359.479 187.515
382.486 186.528
403.816 190.499
419.796 203.559
321.183 216.351
321.335 236.9
321.795 257.185
322.294 278.215
296.171 288.926
309.025 293.361
321.92 297.441
334.359 293.502
344.914 289.631
248.368 222.19
260.907 215.572
276.066 215.21
290.771 223.17
276.158 225.373
261.055 225.779
348.343 223.279
363.446 216.097
378.271 216.786
391.477 222.816
378.645 225.941
363.747 225.771
261.834 314.182
282.684 312.145
303.876 311.119
319.554 314.464
336.16 311.578
357.646 312.646
378.188 314.639
358.728 345.492
337.681 359.849
319.887 362.314
302.757 359.462
281.218 345.829
267.802 316.704
304.006 319.178
319.892 321.736
336.479 319.596
371.282 317.558
336.696 343.702
319.545 346.101
303.083 343.191
