203.966 244.941
207.301 274.528
212.681 304.776
219.422 336.09
231.041 365.526
249.213 391.664
272.051 413.481
298.748 431.851
330.314 435.91
362.859 430.943
390.087 412.358
414.542 388.174
433.578 359.311
444.409 328.179
448.208 295.149
449.798 261.554
449.658 228.587
216.414 229.668
230.249 211.917
253.921 206.627
278.13 208.04
302.443 215.274
333.812 214.154
357.329 203.352
382.804 197.98
407.827 201.565
425.496 217.726
319.346 231.656
320.024 250.962
320.618 270.596
321.374 290.684
299.279 309.683
310.954 311.728
323.405 314.701
336.762 310.95
349.837 307.807
247.467 240.83
260.336 234.252
275.844 233.26
291.86 241.53
275.999 243.95
260.228 244.451
352.886 238.4
367.944 228.878
383.648 227.979
397.569 233.33
384.833 238.595
368.836 239.541
267.453 343.461
286.393 337.349
307.823 333.339
325.329 336.801
341.791 332.231
364.502 335.55
386.382 341.851
366.921 365.955
344.936 378.051
327.141 380.056
308.184 378.673
287.002 367.971
275.443 345.83
308.109 344.14
325.659 345.726
342.24 343.498
378.418 344.065
343.361 359.345
326.495 362.116
308.326 360.423
