259.495 227.357
261.028 260.469
265.133 291.794
272.758 323.255
285.757 352.34
307.086 378.37
334.315 400.504
364.566 419.863
399.37 424.87
432.493 418.234
460.401 399.091
486.742 375.73
508.855 347.245
522.943 315.735
529.477 282.982
531.243 248.368
529.963 216.014
284.715 213.567
303.181 197.978
328.078 192.783
354.233 194.584
378.51 203.012
414.622 201.946
438.474 192.87
463.942 188.924
488.605 191.044
508.88 204.501
397.394 221.676
398.417 242.567
399.499 263.575
400.774 285.072
369.02 299.671
384.974 302.234
400.5 305.779
415.543 301.49
429.727 297.66
315.2 228.501
331.042 221.577
346.557 220.826
362.595 228.444
346.565 229.682
331.243 230.067
431.846 224.749
447.824 216.342
463.484 215.84
478.999 221.178
463.971 224.164
448.425 225.13
332.317 329.032
355.389 322.477
381.818 319.418
399.486 322.248
417.519 318.142
443.958 319.627
466.751 323.968
445.657 352.068
420.617 365.754
400.849 368.943
381.663 367.82
355.394 356.973
340.659 331.082
381.804 330.583
399.556 331.384
418.104 328.854
458.138 326.554
419.238 348.361
400.382 350.988
382.059 350.181
