203.825 198.624
206.192 231.311
210.741 264.359
218.829 298.178
233.577 330.972
254.31 360.446
279.61 385.021
308.069 406.033
340.516 410.816
371.333 402.555
394.172 378.714
414.175 351.036
430.772 319.845
440.671 288.035
445.1 256.85
446.857 224.985
445.98 194.2
220.386 194.183
235.477 176.962
260.744 172.451
286.499 174.665
312.578 181.515
342.311 181.276
365.354 172.108
390.007 168.108
413.88 170.602
431.261 186.057
329.184 198.527
331.122 219.227
333.189 240.142
335.309 262.03
306.867 274.906
319.847 279.091
334.486 283.99
349.105 278.253
362.24 272.892
252.59 203.734
265.829 195.957
282.251 195.189
298.557 204.561
282.066 207.497
265.621 207.966
357.766 203.582
372.605 193.586
389.32 193.063
403.037 200.12
390.127 205.27
373.646 205.557
276.258 310.669
295.015 305.1
317.709 302.226
335.895 305.78
352.927 301.468
374.596 302.713
392.534 308.424
376.822 339.113
356.369 354.094
338.33 356.905
319.097 355.082
296.474 341.337
283.574 313.369
318.125 312.06
336.302 313.897
353.564 310.888
386.253 310.775
354.851 336.873
337.36 340.614
318.588 337.721
