213.054 240.393
212.878 270.016
214.912 300.181
219.56 330.949
230.813 359.675
249.515 385.143
270.695 407.557
295.905 427.897
326.568 435.15
357.508 429.975
384.09 410.211
408.979 389.047
429.814 364.706
442.942 336.195
449.266 307.65
452.561 280.263
454.033 253.615
237.894 217.29
254.166 204.582
275.82 200.692
297.242 204.012
317.802 213.051
359.886 214.772
380.127 207.044
402.063 205.819
422.005 213.377
434.242 228.623
337.463 238.665
336.255 259.813
335.245 281.009
334.208 302.871
307.216 311.582
319.233 316.808
332.76 322.014
346.343 318.971
358.354 315.99
261.464 238.931
275.798 231.78
292.41 233.175
306.74 244.561
291.25 245.545
274.564 244.655
365.139 248.466
380.66 238.227
397.192 239.417
410.401 248.017
397.65 251.806
381.187 251.251
270.467 336.429
292.021 331.729
315.949 331.923
331.566 336.271
348.268 334.254
371.269 337.728
391.54 342.252
370.166 375.351
346.948 388.859
329.049 389.943
311.543 386.467
288.478 370.182
276.576 339.592
315.296 342.297
331.231 345.561
348.125 344.817
383.911 345.419
347.297 370.203
330.079 372.429
313.314 368.404
