160.034 253.988
166.709 282.57
175.176 310.536
185.108 340.722
199.044 369.024
221.265 393.527
252.91 410.064
287.424 420.123
324.811 418.74
359.848 408.045
386.447 388.725
408.524 364.379
421.312 335.361
424.859 304.23
422.939 272.81
421.118 243.086
417.211 214.474
178.418 233.065
189.702 210.581
214.19 199.5
241.184 200.2
266.714 207.321
303.827 203.76
324.575 189.264
349.923 181.231
375.752 184.827
394.024 201.86
287.808 221.356
291.561 240.457
295.557 259.742
299.903 279.508
270.009 296.896
286.212 298.466
303.463 300.732
319.168 292.821
333.614 286.127
207.857 241.14
219.277 229.474
236.243 225.767
255.01 234.396
238.988 239.3
222.115 242.505
324.046 223.874
337.427 211.861
354.113 209.579
369.006 216.487
356.3 221.764
339.261 223.851
246.923 336.051
269.122 327.263
291.708 320.408
307.202 321.179
322.009 315.221
344.961 313.247
369.695 314.853
350.641 340.466
330.473 354.482
314.379 358.889
298.126 360.573
274.059 356.078
254.562 337.298
293.527 331.39
309.031 329.988
324.363 325.974
362.836 318.358
327.037 339.172
311.427 343.758
295.373 344.657
