181.387 237.002
184.371 263.329
189.636 289.983
196.506 319.137
206.965 346.768
225.323 369.572
249.277 385.351
276.506 399.789
309.53 402.446
345.09 396.278
377.643 381.888
408.335 365.344
431.458 341.636
441.492 312.265
442.675 279.342
442.068 248.273
441.198 217.455
191.3 210.111
203.062 188.254
226.205 179.897
251.495 179.966
277.103 184.858
304.718 182.212
330.934 171.3
358.63 167.472
385.592 174.904
405.413 192.72
289.318 200.2
288.639 220.302
287.724 240.258
287.177 261.18
264.82 275.329
277.995 279.835
292.697 283.539
309.119 276.954
324.736 271.272
223.181 218.044
234.758 208.833
249.959 206.142
267.308 211.937
251.841 215.613
236.442 218.276
326.768 206.552
343.371 198.288
358.99 198.507
373.29 205.737
359.305 207.777
343.43 208.085
244.66 309.018
264.035 301.897
282.537 298.143
296.886 300.099
313.01 295.781
336.278 296.439
364.527 299.486
339.222 313.068
317.009 320.25
299.94 322.974
284.696 323.562
266.432 320.817
252.502 310.056
283.353 308.759
297.918 308.666
314.416 305.674
356.844 301.299
314.843 306.841
298.47 309.273
283.545 309.515
