177.631 171.418
179.271 203.68
181.822 236.41
186.062 269.301
196.907 300.766
216.394 327.243
239.998 350.042
266.261 368.271
295.648 374.722
325.387 368.386
348.415 348.241
367.714 324.21
383.579 298.834
393.38 269.862
399.083 240.669
402.88 212.131
405.358 184.521
198.775 160.589
215.649 143.334
240.257 137.196
265.502 139.316
287.9 149.702
313.417 151.528
333.859 142.121
356.812 140.259
378.951 146.535
392.499 163.968
301.005 167.879
301.805 186.79
302.794 205.781
303.604 225.531
275.786 238.034
287.873 242.753
300.69 247.14
313.685 243.587
324.858 239.234
227.568 170.521
241.345 164.505
256.299 165.211
271.182 174.684
255.44 175.753
240.361 175.23
322.78 176.687
337.397 167.608
352.853 167.913
365.126 174.602
353.276 178.794
338.167 178.646
246.359 273.762
264.691 266.942
284.285 264.128
299.481 267.932
313.98 265.384
331.791 269.561
346.378 277.712
331.103 299.426
313.022 309.414
297.819 310.926
281.868 308.141
262.99 296.479
252.098 275.174
283.96 273.242
299.073 275.652
313.496 274.113
340.815 278.957
313.341 294.099
298.643 295.999
283.275 293.311
