195.991 220.186
197.914 247.769
200.493 275.993
204.789 304.348
214.206 330.672
231.126 353.461
252.671 373.116
276.611 388.413
304.397 393.563
330.813 385.792
352.8 369.626
373.391 350.727
390.629 329.599
401.246 303.549
405.128 275.463
406.901 246.348
405.694 218.153
208.88 206.68
220.497 191.633
240.4 187.61
260.746 189.443
280.264 197.255
316.958 197.972
334.762 190.524
353.963 189.452
373.103 193.295
386.325 206.024
298.738 216.887
299.18 232.74
299.781 248.637
300.449 264.994
278.06 280.446
289.076 282.665
299.904 285.047
311.22 282.212
321.796 279.16
234.462 216.688
246.613 210.643
260.705 211.046
273.291 220.71
260.079 222.447
245.888 222.187
325.329 220.253
338.316 211.286
351.504 211.046
363.735 216.71
352.433 220.993
338.937 221.706
251.64 307.49
269.107 302.865
288.165 299.268
301.067 301.658
314.309 298.565
333.073 300.504
351.57 303.353
333.9 324.117
316.01 333.598
301.202 335.75
286.971 334.811
267.901 326.602
257.379 308.7
288.13 308.674
301.405 310.144
314.802 307.965
344.966 305.07
315.145 320.358
301.279 322.848
287.538 321.844
