191.623 246.616
196.682 276.497
201.3 304.56
210.117 334.845
224.633 361.735
245.361 384.324
270.327 403.507
296.079 419.801
327.319 422.81
355.719 416.574
378.602 397.912
401.287 376.406
421.147 351.232
432.701 322.961
437.544 292.152
438.026 260.999
435.665 229.276
210.322 227.264
220.58 208.05
241.249 198.19
265.864 198.535
288.743 205.461
330.282 201.156
351.957 191.397
376.565 189.587
397.8 197.503
411.109 213.553
311.111 229.904
312.077 248.262
312.97 266.398
313.868 285.446
283.041 299.298
298.829 302.236
315.91 306.095
332.258 300.428
348.305 295.896
236.867 242.199
248.939 235.261
263.168 234.043
279.194 240.863
264.115 243.854
249.852 245.022
344.352 235.527
356.859 227.097
371.661 226.679
386.19 231.459
372.978 235.8
358.185 236.894
259 334.989
277.483 324.238
300.657 319.308
317.785 321.466
334.064 317.15
358.616 318.934
380.451 326.896
363.001 356.117
340.302 370.197
322.147 373.587
304.067 372.558
279.795 362.141
266.856 335.791
301.6 331.126
318.665 331.104
335.487 328.768
372.122 329.058
337.874 352.533
320.511 355.989
302.842 354.576
