226.012 223.315
224.724 248.009
223.472 272.193
226.513 300.031
237.54 323.917
255.492 344.812
278.277 361.807
304.12 377.179
336.083 382.564
367.14 378.187
392.347 363.222
414.874 346.82
432.641 325.642
442.915 300.051
446.612 273.398
446.507 247.874
444.733 222.081
241.154 197.329
256.965 185.211
277.414 182.107
298.274 184.398
317.813 191.533
354.108 192.784
374.066 184.952
395.789 182.92
415.954 187.893
431.475 200.446
336.751 212.213
336.998 228.502
337.267 244.43
337.583 261.289
306.666 272.1
321.57 275.026
336.817 279.607
352.018 275.543
366.936 272.977
266.011 214.859
279.635 208.088
294.577 208.369
308.366 218.83
294.067 219.612
279.255 219.144
365.013 219.644
379.69 209.617
394.519 209.787
407.484 217.138
395.197 220.908
379.997 220.998
273.359 293.637
297.307 289.617
321.525 287.912
337.245 290.752
353.293 288.302
376.782 291.057
398.698 295.494
377.808 323.277
355.175 335.871
337.774 337.773
320.659 335.768
295.941 322.969
280.829 297.129
321.447 300.74
337.239 302.137
353.52 301.226
390.816 298.305
354.266 318.56
337.436 320.241
321.142 318.615
