228.555 179.293
229.033 204.415
231.42 229.51
233.546 255.553
239.99 281.433
255.24 303.391
277.494 319.931
303.277 334.099
332.84 339.438
363.346 337.213
390.481 325.336
414.015 309.541
431.79 289.12
441.757 263.653
447.855 238.024
452.958 212.975
456.435 187.455
246.258 157.074
261.381 143.473
281.963 140.462
302.562 146.2
321.417 155.855
365.066 157.388
385.566 148.892
407.159 146.114
426.76 152.346
440.116 166.815
341.901 176.01
340.564 191.395
339.314 206.834
338.116 222.613
312.636 236.728
324.567 240.06
336.683 244.031
349.417 241.44
361.661 239.5
270.758 178.68
283.849 173.668
298.104 174.306
312.352 182.95
297.315 184.116
283.101 183.577
369.982 185.659
385.529 178.407
399.918 179.313
412.295 185.665
399.889 189.276
385.38 188.821
282.567 264.809
303.108 259.687
322.438 257.081
335.089 259.927
349.772 258.673
370.06 263.22
390.825 269.629
369.034 285.619
349.084 291.362
333.477 291.486
319.913 289.944
301.074 282.209
289.24 266.255
322.049 265.185
335.021 266.89
349.706 266.581
383.632 270.602
348.978 278.07
334.149 278.193
321.16 276.814
