192.667 212.737
192.799 241.526
194.429 271.611
197.698 302.798
205.739 333.185
221.202 360.38
242.924 382.533
270.211 399.965
303.342 404.028
335.33 400.341
359.862 383.715
380.411 361.012
396.909 334.414
407.115 305.67
412.615 276.047
416.16 247.897
416.895 219.551
207.733 185.493
222.094 167.271
246.342 162.64
270.702 166.613
293.022 177.119
321.062 179.271
342.781 170.007
366.652 166.193
389.476 171.793
401.361 191.591
307.177 196.22
306.673 217.14
306.467 238.472
306.306 260.656
277.468 278.934
290.757 282.261
304.678 286.606
318.342 283.269
331.231 280.49
230.101 203.43
243.126 195.455
260.054 195.46
275.493 205.332
259.733 208.072
242.818 208.551
335.808 206.66
351.675 197.667
367.788 198.381
380.349 207.146
367.888 211.069
351.509 209.851
244.776 316.708
264.24 309.811
286.111 307.134
304.489 311.679
322.197 307.644
343.469 311.094
362.363 316.955
344.044 340.651
322.857 351.869
304.207 353.804
285.229 351.517
263.217 341.572
252.502 319.451
285.868 317.208
304.344 319.525
322.269 317.769
354.355 319.75
322.458 331.889
304.512 334.773
285.92 331.717
