206.897 172.643
206.988 201.062
209.572 228.298
213.467 256.871
222.213 284.54
238.734 308.479
260.531 327.189
286.923 342.976
317.369 346.721
346.269 340.888
370.484 323.195
391.782 304.365
408.626 280.704
417.884 254.039
422.151 226.939
426.092 199.705
427.56 172.295
224.029 154.031
238.484 141.84
258.466 138.47
279.115 140.722
298.94 147.397
333.797 147.991
354.477 140.425
376.094 137.1
397.117 140.366
411.436 154.009
316.494 167.758
315.936 190.236
315.456 212.011
315.144 234.064
290.037 242.88
302.035 246.538
314.388 251.073
327.698 246.363
339.816 242.638
246.739 173.625
259.646 168.484
273.797 168.627
287.242 175.516
273.377 177.434
259.503 177.728
344.408 174.61
359.085 167.856
372.613 167.572
384.761 172.409
373.073 175.87
359.591 176.001
260.383 266.9
279.251 262.18
299.402 260.67
315.024 263.796
331.697 260.381
352.01 261.62
371.001 264.614
352.944 287.767
332.699 300.58
315.248 303.19
298.435 301.161
278.185 289.928
267.064 268.783
299.32 270.574
315.331 272.413
331.885 269.998
364.297 267.502
331.938 284.03
315.265 286.276
298.887 284.194
