201.201 181.926
203.041 214.255
204.979 245.073
209.675 277.139
221.499 307.425
241.669 334.373
266.123 357.956
294.146 380.007
326.248 386.941
357.98 381.924
383.259 359.156
406.325 334.85
427.977 307.23
438.793 276.67
442.909 245.467
445.42 215.459
448.55 185.028
226.943 178.752
242.205 161.862
266.115 154.603
291.519 156.656
314.856 166.286
339.511 167.091
362.121 158.087
387.326 155.956
411.216 164.841
425.475 182.418
326.413 186.289
326.285 211.783
326.36 237.331
326.49 262.984
294.193 263.465
309.162 270.09
325.461 277.505
342.111 270.127
357.052 263.073
255.4 187.775
268.529 183.484
282.716 184.166
295.85 191.983
281.582 192.063
267.526 190.997
356.144 192.872
369.878 185.989
383.859 185.862
396.005 190.501
384.227 193.348
370.676 193.924
266.721 288.474
287.355 286.247
308.879 286.714
326.587 290.474
344.814 287.154
367.795 286.794
388.202 287.555
369.031 315.09
346.535 327.92
327.894 329.724
309.176 326.679
287.73 313.557
273.213 290.985
309.083 293.153
326.825 296.013
344.861 293.414
381.382 290.655
345.719 314.095
327.497 316.573
309.186 313.026
