170.869 202.176
172.105 232.781
175.164 261.474
180.501 290.1
194.02 316.772
217.074 339.452
242.542 358.824
267.18 376.944
293.295 382.473
319.904 377.377
344.061 359.688
366.313 339.386
386.46 316.275
397.806 289.958
403.374 263.23
406.315 236.125
407.286 208.108
193.567 190.633
208.033 173.137
231.919 167.327
256.38 172.579
278.118 184.256
309.155 185.524
329.937 176.334
352.726 171.815
374.797 177.026
387.268 194.253
293.458 209.537
293.784 230.984
294.282 252.552
294.808 274.305
264.319 278.19
278.562 282.403
293.173 287.645
307.658 283.677
321.514 280.366
218.28 211.422
231.546 208.928
245.236 209.228
258.791 214.328
245.203 215.278
230.901 215.102
325.444 216.206
339.717 212.671
353.445 213.211
365.97 215.841
353.395 218.841
339.388 218.307
235.46 296.429
257.531 295.878
279.28 295.709
293.33 298.846
307.591 296.349
329.016 297.703
350.972 299.461
328.972 328.325
307.763 340.278
292.624 341.984
277.571 339.316
256.302 325.762
243.335 299.543
278.744 303.068
293.1 305.41
307.066 304.247
344.08 302.356
307.862 323.492
293.356 325.094
278.469 322.197
