182.189 161.126
183.579 191.141
186.023 220.623
192.105 250.649
205.258 277.574
227.162 300.129
254.337 317.015
282.953 330.239
312.268 333.9
340.328 327.545
366.681 312.86
390.546 295.123
409.002 271.231
419.897 242.433
423.804 213.12
423.684 184.858
423.387 155.961
203.645 142.381
218.579 128.051
240.202 122.815
262.592 125.052
283.685 131.731
316.313 131.625
338.068 124.453
361.543 121.523
383.563 127.489
401.092 140.074
302.159 148.501
302.934 164.475
303.787 180.064
304.754 196.49
278.368 215.531
291.441 217.608
304.571 220.642
317.296 216.767
329.603 214.638
229.97 151.828
242.988 146.12
256.889 146.325
270.203 154.603
256.413 153.921
242.68 153.41
333.038 154.127
346.098 145.054
360.301 144.85
373.767 150.364
361.245 152.573
347.39 153.483
245.709 241.602
266.944 234.174
288.949 232.329
304.559 235.438
320.163 232.465
342.776 233.486
363.544 239.198
343.89 261.892
322.048 272.343
305.434 273.982
289.12 272.384
266.97 262.423
252.547 242.539
289.29 242.225
304.808 243.432
320.576 241.805
356.002 241.022
321.091 258.168
305.02 259.803
289.082 258.499
