180.372 186.721
182.638 216.493
186.531 243.971
191.511 273.709
200.852 303.045
215.798 328.883
234.097 352.627
256.19 373.319
283.469 379.248
313.761 373.16
340.108 352.604
362.076 329.698
380.714 303.81
391.017 276.416
396.535 246.084
399.466 216.765
401.353 186.906
187.843 176.075
197.567 158.413
216.74 150.432
238.306 149.175
258.455 156.47
302.957 155.475
324.11 147.2
346.92 147.885
367.706 156.021
380.906 171.555
279.363 179.592
278.258 202.071
276.927 224.363
276.008 246.868
250.904 251.477
263.732 257.993
278.542 264.633
294.268 258.07
308.95 251.508
212.813 187.373
225.157 180.016
240.539 179.419
255.534 188.305
240.117 190.735
224.761 191.057
310.908 187.635
325.989 179.533
341.735 179.21
354.258 185.485
341.916 189.341
326.636 189.489
219.416 277.589
238.853 274.362
261.319 274.124
279.815 277.586
298.103 274.165
323.134 273.664
347.043 276.273
324.166 304.226
299.36 318.907
280.082 321.873
260.662 319.442
237.979 305.591
226.783 280.284
261.412 282.222
280.132 284.489
298.308 281.454
340.381 278.999
298.958 302.636
280.136 305.848
261.049 303.298
