130.549 179.742
134.862 211.639
141.038 241.611
147.157 271.664
157.955 301.927
178.024 327.826
205.461 348.679
236.631 366.024
270.981 370.89
302.939 364.191
330.026 346.403
355.181 325.237
373.798 299.688
383.325 269.997
387.702 238.998
390.689 209.297
392.092 180.124
156.457 161.953
170.1 141.987
194.507 132.442
221.779 133.736
244.873 144.296
287.435 143.287
309.749 133.002
335.503 131.345
358.351 140.777
372.026 159.309
267.264 166.012
268.146 185.403
269.208 204.584
270.274 224.257
241.757 239.915
255.161 244.145
269.469 248.219
284.151 243.83
296.792 239.448
186.913 173.609
201.098 163.776
218.811 163.301
236.094 174.839
218.906 177.523
201.093 178.375
294.001 174.263
309.923 162.033
327.628 162.128
342.495 171.417
328.82 176.287
310.992 176.494
207.703 278.131
229.576 270.331
252.963 267.012
268.161 270.491
284.158 267.479
305.674 270.587
326.679 276.271
307.11 300.127
285.847 310.312
269.262 311.826
252.761 310.325
229.288 300.702
215.165 279.276
252.96 276.393
268.599 277.509
284.369 276.311
319.01 278.41
285.144 294.807
268.844 296.286
253.138 294.922
