231.141 199.791
234.303 226.214
238.209 251.401
243.632 276.452
256.001 299.106
273.578 317.92
293.829 336.298
315.555 353.846
339.868 359.851
364.009 353.749
384.733 336.025
403.12 317.421
420.183 296.28
431.237 272.18
435.042 245.507
436.085 218.469
436.206 191.785
246.434 195.814
260.089 183.832
279.175 179.562
298.979 181.564
317.333 188.08
351.891 185.04
370.037 176.91
389.82 173.418
408.979 175.58
423.608 186.413
337.068 207.54
337.756 223.014
338.434 238.512
339.229 254.855
315.603 260.983
327.014 264.993
338.951 269.073
350.188 265.057
360.366 261.363
272.03 208.085
284.197 203.029
297.474 203.168
310.153 211.138
297.53 212.519
284.226 212.396
360.524 209.179
373.653 199.586
387.073 198.61
399.431 203.231
388.681 208.84
374.91 209.903
289.221 278.356
306 275.398
325.449 275.591
337.405 277.242
350.766 275.485
370.573 275.314
388.358 277.268
372.648 305.501
353.143 318.448
339.129 319.951
325.86 318.138
305.877 305.41
294.487 280.133
325.538 281.204
337.748 282.705
351.04 280.922
382.803 279.021
352.286 306.839
338.631 308.785
325.903 306.78
