192.108 200.261
195.455 227.876
200.096 254.675
206.849 283.749
219.341 311.598
240.136 335.073
265.277 354.228
293.749 372.679
325.207 376.433
356.778 368.634
382.686 348.896
406.966 328.373
426.386 302.509
436.641 272.861
438.587 241.957
438.791 211.364
438.358 182.434
210.471 187.626
222.723 167.84
245.786 161.147
270.282 161.318
293.213 169.127
321.146 165.503
344.156 153.889
370.116 150.675
394.52 155.673
412.797 170.834
307.523 187.074
308.151 204.37
308.769 222.338
309.473 241.167
286.629 257.91
298.772 259.629
311.631 262.576
325.645 257.484
339.242 254.108
238.543 198.482
250.955 192.584
264.788 190.658
279.749 196.537
265.444 198.952
251.786 199.908
341.49 191.465
355.145 183.985
369.306 183.442
382.99 187.324
370.002 190.502
356.214 191.639
257.909 290.425
277.171 282.959
297.743 279.134
314.455 281.303
331.246 277.122
355.109 278.396
378.566 282.058
358.322 307.882
335.829 320.19
318.117 323.177
300.384 322.531
279.077 312.934
265.967 291.88
298.286 288.707
315.325 289.533
332.087 286.444
371.691 284.561
333.783 304.664
316.688 307.583
299.13 306.234
