141.628 170.282
144.376 201.378
146.829 231.721
151.199 261.579
164.961 288.639
188.354 310.85
215.16 329.365
244.074 346.84
274.913 350.256
305.447 344.23
330.917 324.602
353.597 305.176
370.476 281.906
379.273 254.55
381.415 227.096
382.326 199.42
383.47 171.132
164.461 162.208
182.987 145.573
208.749 140.003
235.005 143.739
259.324 153.01
280.06 153.861
303.479 144.352
328.139 141.571
351.634 147.082
366.962 162.156
272.039 170.123
272.666 188.096
273.545 206.937
274.402 226.381
243.029 235.719
257.551 239.871
273.072 244.935
287.661 240.041
300.865 235.655
193.49 173.621
207.999 168.209
222.388 168.28
237.349 175.799
221.998 175.86
207.842 175.307
300.324 176.405
314.728 169.216
328.324 169.488
342.057 174.503
329.014 176.001
315.741 176.501
205.544 258.951
231.008 255.664
255.107 255.08
272.32 257.91
290.132 254.754
314.548 255.371
335.982 257.415
315.245 284.721
291.781 296.994
272.795 299.028
254.4 297.34
230.065 285.512
212.706 261.397
255.059 263.048
272.407 264.892
290.365 262.321
328.831 259.787
290.844 283.25
272.376 286.03
254.484 284.09
