179.43 161.878
182.415 194.152
187.636 225.654
193.487 258.439
205.136 289.162
225.163 315.561
249.358 337.168
277.061 355.14
308.009 358.944
336.5 351.983
360.433 331.882
381.338 308.796
398.222 281.092
407.144 251.362
410.556 220.389
412.908 189.403
414.197 157.88
197.26 155.548
211.083 138.283
233.218 134.235
257.174 136.883
278.86 145.234
310.874 145.27
333.414 136.286
357.28 133.78
379.993 138.245
395.55 153.455
294.826 164.294
295.141 184.798
295.58 205.594
296.292 227.504
272.138 237.995
284.543 241.119
297.389 245.108
310.25 240.028
321.88 235.962
226.248 168.583
237.806 163.267
251.514 163.705
264.875 170.219
251.321 171.949
237.528 171.92
325.968 169.193
339.76 162.131
354.12 162.05
366.564 166.779
354.806 170.003
340.518 170.569
246.738 269.252
264.008 261.092
283.162 257.973
298.559 260.23
314.816 256.419
335.611 257.657
352.766 263.512
337.511 289.145
318.384 301.824
301.007 304.489
284.629 303.503
265.155 293.478
253.427 271.118
283.752 266.464
299.259 267.4
315.454 264.628
346.07 265.457
316.716 286.521
300.087 289.413
284.088 287.939
