250.372 203.54
252.979 229.74
255.47 254.594
260.66 281.188
271.583 305.16
290.388 326.54
311.713 344.263
333.94 362.001
361.516 367.885
389.231 360.943
409.965 344.252
429.574 325.01
445.953 302.847
453.742 278.802
456.912 253.749
458.068 228.768
458.419 203.791
272.983 190.717
283.131 173.824
302.47 164.714
323.732 165.117
343.37 172.859
375.027 172.628
393.385 164.888
413.549 164.846
431.779 173.051
441.317 189.071
359.787 194.325
360.084 212.554
360.45 230.1
360.745 248.515
335.333 255.907
346.959 260.549
359.857 265.879
372.827 261.16
384.365 256.721
298.024 200.89
308.653 196.815
320.711 195.723
333.136 200.439
320.867 201.143
308.859 201.733
383.464 200.72
395.896 196.173
407.805 196.831
417.9 201.185
407.371 201.977
395.695 201.769
308.097 281.236
326.542 277.111
345.895 276.162
359.29 279.142
372.069 276.724
390.615 278.636
408.428 281.983
390.63 305.93
373.017 315.798
359.018 317.601
344.203 315.414
325.574 303.786
314.648 282.837
345.624 283.338
359.239 285.052
372.189 283.779
402.032 283.926
372.601 302.051
359.28 303.533
345.041 301.447
