263.451 238.74
264.324 270.28
269.647 301.151
278.138 330.487
289.565 357.275
306.457 381.221
328.167 401.462
354.434 416.919
384.036 420.701
414.48 416.507
441.015 399.711
465.191 377.039
483.645 349.936
492.909 320.291
498.431 289.657
501.976 257.503
502.754 224.269
271.822 208.378
285.937 193.041
307.196 189.077
328.516 189.085
349.39 195.307
394.553 192.272
417.154 181.835
441.799 177.35
467.027 181.896
484.42 198.11
373.002 217.176
373.694 241.564
374.295 265.894
374.882 290.301
352.686 307.527
364.624 311.592
377.865 315.036
392.061 310.216
404.985 305.345
291.854 229.978
305.726 218.768
323.92 218.471
342.287 230.429
324.077 234.242
305.971 235.503
409.225 226.956
426.2 212.681
444.743 211.522
460.249 221.383
446.287 228.399
427.481 228.821
334.395 350.392
352.482 342.863
368.565 338.249
381.434 340.897
395.073 336.53
412.489 339.617
432.718 345.448
414.277 360.666
397.41 367.466
383.475 369.44
370.389 369.202
353.755 363.467
342.118 351.064
368.838 349.314
381.893 350.398
395.632 347.593
425.237 346.614
395.984 349.748
382.431 352.606
369.843 351.558
