254.159 224.108
254.1 247.523
254.998 271.513
257.454 296.104
264.999 318.215
278.658 336.765
296.73 351.996
317.728 363.134
341.393 366.877
363.783 364.639
382.745 353.401
399.719 338.088
412.342 320.359
419.936 299.67
423.967 278.418
426.859 256.728
428.665 235.68
275.246 216.904
288.197 203.891
306.88 200.197
326.26 201.946
344.451 208.619
361.106 210.146
378.308 205.026
396.057 203.912
412.351 208.895
421.212 223.356
351.814 222.921
351.656 236.167
351.648 249.459
351.665 263.43
330.122 276.263
339.357 278.743
349.265 281.407
358.638 280.105
367.524 278.007
295.045 224.495
305.088 218.677
317.471 218.897
327.616 227.486
316.595 228.79
304.136 228.449
370.87 229.614
381.46 222.536
393.633 223.508
401.696 230.477
393.229 233.278
381.108 232.33
312.15 310.295
325.84 302.812
338.733 298.088
347.48 301.17
356.018 299.244
367.188 304.909
376.931 313.748
365.325 321.205
354.667 323.369
345.871 323.422
336.423 322.457
324.795 319.324
317.946 310.191
337.885 308.201
346.954 309.896
355.295 309.473
371.601 313.405
355.385 309.315
347.036 309.646
338.009 308.48
