188.899 242.591
191.268 268.45
196.122 294.106
202.392 318.529
210.952 341.9
225.114 363.631
244.52 380.607
267.091 393.915
293.09 396.991
318.91 392.717
341.53 380.232
361.755 362.822
375.658 339.655
383.045 314.59
386.956 289.121
389.132 262.038
389.453 235.399
203.04 229.886
214.874 216.896
232.616 212.609
251.857 214.725
268.801 222.192
295.821 222.172
315.071 213.81
335.43 210.403
355.508 213.668
370.118 226.398
284.441 238.451
284.84 256.404
285.194 274.255
285.46 292.567
268.201 304.21
277.315 307.844
287.706 311.037
297.882 307.352
307.222 303.225
226.918 245.811
236.919 239.753
249.643 239.194
262.006 245.844
249.587 248.869
237.031 249.664
310.234 244.627
322.283 236.988
335.201 236.769
346.433 241.876
335.93 246.491
323.273 246.826
256.658 335.551
268.172 331.245
278.571 328.511
288.509 330.945
298.087 328.074
310.55 330.573
324.648 335.071
311.797 344.333
300.035 347.978
290.031 348.699
279.794 347.472
269.363 343.254
261.981 336.008
278.747 335.495
288.765 336.626
298.523 334.827
319.124 335.541
298.985 335.822
289.431 337.492
279.397 335.666
