316.796 218.324
317.819 241.174
320.934 266.005
324.945 289.007
333.888 310.044
348.325 327.406
369.558 338.262
391.594 347.585
415.886 349.583
440.429 345.598
462.358 335.741
483.549 323.916
499.051 305.93
508.004 284.022
511.954 259.649
512.97 234.009
512.699 209.577
325.15 199.704
335.51 182.378
355.169 176.632
375.397 180.385
394.733 188.274
414.448 185.846
434.592 176.252
456.409 172.531
477.484 178.662
491.487 194.194
406.192 201.023
406.331 211.358
406.479 221.781
406.611 232.941
390.26 255.522
399.138 256.914
408.009 257.452
417.217 256.415
426.32 255.205
349.734 208.943
359.435 201.559
372.33 200.587
384.705 208.18
373.142 211.231
360.009 212.469
431.235 207.129
443.039 198.94
455.98 199.802
467.339 206.55
456.425 210.497
442.998 209.88
376.071 292.248
389.138 282.273
400.887 276.843
409.321 278.916
418.189 276.828
430.947 282.25
445.974 291.002
430.973 297.774
419.195 300.177
409.845 300.498
400.837 299.971
389.856 297.908
382.192 291.975
401.022 287.611
409.703 288.011
418.736 287.271
439.524 290.453
418.132 287.288
409.324 288.053
400.814 287.415
