206.141 227.257
206.668 257.211
209.431 287.25
214.463 316.595
224.025 345.57
241.323 370.505
265.11 390.867
292.979 405.147
323.558 410.482
353.635 406.97
377.754 391.871
399.385 371.738
415.903 346.804
426.071 319.362
433.573 291.506
438.017 262.223
438.487 233.267
225.318 195.87
240.185 181.774
262.392 177.768
286.027 179.956
307.81 188.659
343.147 191.404
364.563 184.588
387.054 183.057
408.723 187.639
423.675 202.005
326.846 212.026
326.894 230.917
326.998 249.238
327.082 268.181
304.121 287.778
314.074 290.783
324.865 293.269
335.685 291.838
345.287 289.428
251.153 218.198
264.304 210.135
280.978 210.177
296.175 219.815
280.57 224.073
263.396 224.418
352.549 222.614
367.974 213.69
384.662 214.96
397.143 223.646
384.949 228.994
367.929 228.003
279.519 330.555
297.364 321.338
313.39 316.124
323.997 319.616
335.092 316.981
350.562 324.343
365.353 335.173
349.471 347.888
334.874 353.251
322.878 353.607
310.835 351.741
296.18 345.533
286.694 331.046
312.612 328.193
323.808 330.425
334.782 329.665
358.191 335.018
334.633 333.932
323.504 334.944
312.223 332.585
