203.931 250.733
206.829 279.271
214.414 309.104
220.788 339.172
230.983 369.049
248.795 393.474
271.95 412.297
299.389 424.884
333.033 424.742
367.526 418.805
395.233 402.32
418.947 380.863
434.902 353.42
442.199 323.641
444.419 292.669
446.585 260.189
445.796 229.562
211.206 233.408
224.19 214.175
247.429 208.21
272.495 208.508
297.733 212.968
326.639 210.387
352.248 200.834
377.478 197.118
402.311 200.797
422.145 215.511
312.777 227.996
313.633 247.177
314.425 266.364
315.353 286.253
297.495 309.531
307.67 310.703
318.473 312.243
330.273 309.027
341.585 306.453
242.072 242.551
255.282 234.354
271.411 232.655
286.909 241.27
271.994 244.771
255.694 246.09
347.733 236.415
362.691 226.481
378.727 225.555
392.549 231.364
380.248 236.746
364.103 237.929
273.319 351.44
289.637 340.383
306.53 333.975
321.855 337.223
337.42 331.506
357.761 335.191
378.196 343.861
360.139 355.035
341.424 361.826
324.787 364.195
308.633 364.137
291.216 360.599
281.264 351.593
307.398 346.769
322.723 347.34
338.838 344.13
369.941 344.471
339.114 343.873
323.26 346.916
307.562 346.414
