221.063 209.417
225.365 239.51
232.614 268.364
239.374 296.389
249.043 323.687
266.294 347.875
288.433 366.877
313.22 382.289
340.936 385.206
369.497 379.273
394.857 364.177
418.265 344.024
436.286 318.425
446.029 288.034
450.941 256.393
454.302 224.099
455.197 191.827
232.059 200.433
246.467 186.352
268.374 184.14
290.313 187.659
311.939 195.56
340.637 193.152
362.191 180.967
385.728 174.377
410.12 172.869
430.356 184.063
327.494 209.819
327.707 231.03
327.883 252.506
328.098 273.865
310.35 288.108
320.599 290.933
331.459 293.541
343.127 289.488
354.046 285.517
257.265 214.511
268.81 205.007
285.857 204.584
300.848 217.094
285.592 220.76
268.554 221.51
360.767 213.048
374.058 198.863
391.45 196.334
405.236 203.023
394.677 212.201
377.201 214.348
292.29 319.549
307.093 315.034
321.831 311.325
333.639 314.622
344.999 310.475
362.226 312.442
382.58 315.686
364.279 329.618
348.019 337.223
335.499 339.052
322.739 338.528
308.387 333.222
299.25 320.806
322.4 322.156
334.451 323.283
346.269 321.112
375.176 317.089
346 320.171
334.068 322.451
321.886 321.1
