259.396 226.729
261.077 261.619
266.889 295.377
277.153 327.752
291.579 357.065
311.327 383.699
339.135 402.938
369.444 415.292
401.075 417.914
431.796 413.329
458.384 399.274
484.491 377.896
504.995 349.063
518.919 316.055
527.059 282.551
531.157 246.447
529.904 212.696
282.967 211.13
301.46 194.184
327.086 188.623
353.422 191.526
378.787 201.158
411.465 201.846
433.508 189.748
459.402 183.941
485.007 184.975
506.047 199.308
396.841 222.066
397.753 241.004
398.798 259.594
399.547 278.817
374.407 304.886
387.35 305.872
400.29 307.097
413.634 304.62
426.082 301.474
313.066 230.034
327.252 218.577
345.394 218.017
363.683 230.616
344.836 234.93
326.865 235.989
427.726 226.845
443.374 212.481
462.501 211.867
478.046 221.273
464.253 228.775
445.33 229.521
348.819 347.508
367.536 337.234
387.376 330.916
400.707 334.001
413.445 330.032
432.484 335.553
453.16 343.803
433.171 356.19
414.902 360.947
401.218 362.148
386.578 361.518
368.041 357.514
356.821 347.37
387.111 343.012
400.818 343.692
413.976 342.276
445.099 345.02
413.773 344.059
400.694 345.255
386.969 344.251
