211.619 246.901
211.547 273.55
212.293 300.916
214.186 329.366
221.4 356.308
237.987 378.134
262.634 393.069
290.155 405.891
322.433 411.185
354.359 410.257
383.414 400.559
408.711 387.518
427.668 368.406
437.724 343.479
442.898 316.438
447.431 290.254
449.88 264.739
233.026 216.461
249.214 199.612
274.029 194.603
299.956 198.529
322.844 209.896
357.508 213.001
380.436 205.362
405.639 205.887
427.261 214.822
439.783 233.359
336.222 233.055
334.422 250.215
332.721 266.709
331.042 283.674
305.773 304.393
317.558 306.814
330.114 309.332
343.032 308.609
356.18 307.573
259.402 236.966
273.32 228.37
290.534 228.911
306.072 241.312
289.803 243.832
272.252 243.203
365.005 246.049
381.239 235.744
398.686 237.691
411.911 248.007
398.211 252.365
380.465 250.395
278.355 340.561
298.636 333.871
316.885 329.358
328.94 333.296
340.899 331.187
358.538 338.43
376.494 347.605
357.019 353.878
339.261 356.305
326.883 355.9
314.114 354.303
296.72 350.135
285.741 341.29
316.194 341.48
328.782 343.546
340.498 342.883
369.188 347.166
339.698 340.597
327.994 340.87
315.608 339.019
