162.22 259.228
169.412 287.956
180.252 316.862
191.082 346.831
203.53 375.158
224.145 398.12
255.472 411.42
290.072 418.771
324.375 416.126
358.073 407.451
386.752 390.529
410.434 369.544
423.246 342.376
426.515 312.046
424.298 279.534
423.314 248.535
418.918 219.611
180.205 232.686
190.546 209.942
214.167 198.202
241.482 199.802
266.461 208.85
300.742 205.218
320.954 189.572
345.748 180.666
371.236 183.595
390.355 199.979
286.396 220.271
290.241 238.301
294.055 256.462
298.017 275.294
274.613 298.359
288.373 299.276
303.196 300.196
316.611 294.353
329.398 288.717
207.503 241.086
218.479 228.029
235.834 224.538
255.987 234.11
238.708 240.209
221.08 243.841
322.732 224.223
336.498 210.702
354.198 208.572
369.459 216.676
356.671 223.785
338.579 225.325
259.027 348.894
276.596 334.927
293.378 324.867
307.77 325.993
319.883 320.432
339.071 322.959
361.364 331.204
343.918 342.999
327.657 349.114
313.945 351.921
299.413 354.242
281.573 355.536
267.033 347.939
295.411 338.38
309.559 336.919
322.387 333.649
353.939 332.238
323.816 333.113
311.041 336.725
296.684 337.777
