176.01 190.035
177.792 221.574
181.906 253.581
186.863 285.055
197.775 314.232
215.859 339.166
239.554 358.208
265.86 372.716
295.813 376.299
324.941 372.615
346.9 356.561
365.497 336.368
379.817 311.234
388.366 282.856
392.409 254.024
396.493 225.908
399.091 199.863
194.653 176.416
212.736 162.435
236.764 156.789
261.223 159.417
283.434 168.926
311.277 169.231
332.695 160.432
355.76 158.094
376.981 164.654
390.723 180.198
298.326 184.825
299.003 204.231
299.692 223.433
300.493 243.04
275.899 262.245
286.803 265.511
298.694 267.976
309.58 265.507
319.793 262.143
223.82 188.482
237.515 181.02
253.829 180.998
269.189 192.065
253.046 194.88
236.476 194.605
320.472 192.914
335.852 182.349
352.223 182.775
364.21 191.01
352.294 196.729
335.941 196.235
251.531 302.217
270.709 296.858
287.065 292.911
299.09 296.88
311.234 293.709
326.55 298.221
342.122 303.39
326.649 312.836
311.419 317.46
298.916 318.216
286.047 316.807
270.469 312.185
259.452 303.263
286.613 302.792
298.841 304.737
310.889 303.284
335.301 304.135
311.094 300.704
299.152 302.318
286.993 300.545
