233.489 222.938
235.142 252.13
239.902 281.451
245.222 310.77
253.975 339.75
271.629 364.096
294.042 383.717
320.345 396.734
350.416 399.933
379.776 395.686
405.068 381.596
427.318 361.329
442.297 335.912
449.844 307.115
453.689 278.506
456.328 249.575
456.128 220.605
247.009 200.312
261.647 186.738
283.048 181.64
305.605 183.277
326.286 190.378
361.158 190.894
380.286 183.298
399.971 181.351
420.488 184.316
438.294 194.5
343.433 209.059
343.939 228.526
344.429 247.588
344.822 267.347
325.396 287.07
335.154 288.774
345.59 290.84
356.446 288.795
366.342 286.635
270.115 214.827
282.347 206.04
298.356 206.027
314.667 217.495
298.101 220.328
281.814 220.715
374.426 216.497
389.419 204.959
405.496 205.008
417.797 213.321
406.358 219.175
390.209 219.29
302.761 323.916
320.084 315.568
335.718 309.841
346.729 312.946
358.174 309.837
374.405 315.172
391.242 323.014
374.263 330.587
359.142 334.14
346.974 335.389
334.982 334.856
319.922 331.123
309.338 323.969
335.627 321.508
346.907 322.471
358.565 321.223
384.463 323.3
358.119 319.236
346.475 320.394
335.227 319.435
