215.569 242.753
218.837 269.338
223.97 297.29
231.218 324.628
241.445 349.323
258.658 369.334
281.892 382.628
306.891 392.59
335.703 394.388
365.963 390.326
394.126 377.332
419.271 360.717
435.728 338.661
443.901 312.336
447.289 283.778
448.288 254.281
448.387 225.523
223.681 210.669
234.523 192.784
255.334 186.539
277.759 188.708
300.363 195.017
338.588 191.936
360.393 182.168
383.714 177.214
406.468 181.422
423.435 196.289
320.27 213.991
320.41 229.766
320.322 245.23
320.398 261.487
305.87 288.371
314.746 290.473
324.112 291.536
334.199 289.409
343.867 287.035
250.365 229.88
261.685 218.653
279.394 217.204
295.056 228.426
279.825 234.303
262.185 235.691
352.337 224.556
366.088 211.222
383.724 210.14
398.003 219.251
386.191 227.16
368.143 228.062
289.724 335.429
304.206 324.944
317.775 317.637
327.365 320.257
335.842 316.599
351.294 322.562
371.547 330.265
353.053 340.74
338.569 344.08
329.226 344.871
319.185 344.914
305.427 343.079
296.394 334.632
318.645 329.866
328.309 330.13
337.182 328.685
364.564 330.76
336.391 328.431
327.778 329.77
318.478 329.299
