159.07 246.278
159.326 270.252
162.022 295.054
164.813 321.344
171.652 347.522
186.955 369.502
208.59 385.204
233.056 396.345
263.591 400.591
295.128 399.402
324.895 389.359
349.981 374.993
366.171 354.36
375.412 329.979
380.583 304.991
384.968 280.114
387.51 254.526
173.647 212.945
187.022 198.877
207.069 195.628
227.21 199.906
246.696 208.287
285.363 206.573
306.566 198.045
328.908 196.505
350.389 203.052
365.093 218.411
265.157 228.012
264.305 244.247
263.251 259.734
262.458 275.914
241.504 294.624
251.914 297.708
262.539 300.324
274.005 298.625
284.801 296.83
199.565 235.157
211.389 227.914
226.576 227.384
240.544 236.102
226.521 238.924
211.265 239.458
293.667 237.704
309.171 229.699
324.519 231.375
336.381 239.569
323.992 242.992
308.725 241.664
217.713 331.613
234.214 320.455
250.051 315.777
261.499 319.4
274.621 317.328
291.202 324.717
310.234 337.029
290.238 343.017
273.891 345.635
260.199 345.609
247.791 343.979
232.652 339.75
224.302 330.853
249.42 328.91
261.5 330.547
274.609 330.358
302.763 335.913
273.834 329.359
260.896 329.391
248.865 327.935
