245.057 243.115
249.13 273.91
256.681 303.369
264.581 332.997
273.869 361.24
289.629 388.004
313.792 407.2
343.543 420.127
375.302 423.314
406.736 419.999
434.596 408.238
459.757 388.826
477.438 362.893
486.618 333.78
493.857 303.226
499.593 271.215
501.745 240.244
261.56 225.698
277.436 209.346
300.313 200.274
326.816 198.983
352.806 204.498
387.379 203.347
411.762 195.398
438.144 193.599
462.141 200.956
479.347 216.583
369.399 226.511
369.87 248.197
370.17 269.723
370.611 291.618
345.632 311.377
358.305 314.46
371.786 318.019
385.449 314.285
397.461 310.15
287.235 240.2
301.743 231.607
318.465 230.706
335.491 238.823
318.822 242.156
302.11 243.676
406.058 237.197
421.921 227.759
439.312 227.851
454.646 235.301
439.937 239.492
422.769 239.217
330.81 361.621
342.828 345.244
357.711 338.348
371.524 340.785
385.412 338.05
401.7 344.139
419.48 357.379
402.692 363.325
386.9 365.318
372.706 366.087
358.601 365.299
344.095 363.76
338.24 359.925
358.057 350.358
371.896 351.021
385.678 349.923
410.979 356.638
385.767 348.486
372.105 349.997
358.222 348.717
