229.206 180.892
230.96 206.229
234.166 230.999
236.208 256.504
241.138 282.796
254.756 304.968
277.147 321.293
303.048 333.588
333.483 338.896
364.187 335.854
391.085 325.845
414.321 311.211
429.579 291.452
437.581 267.578
443.939 243.861
450.194 219.432
454.492 195.158
246.268 156.34
260.701 141.552
282.041 136.691
303.84 141.078
323.623 151.491
363.533 153.067
385.12 144.662
408.015 143.288
428.406 150.389
440.687 166.477
342.76 174.164
341.377 188.581
340.135 202.719
338.918 217.134
316.398 237.223
326.75 239.461
337.74 241.982
349.115 240.501
360.097 239.129
272.006 178.219
284.35 172.085
298.78 172.074
313.826 180.765
298.31 182.867
283.526 183.045
370.194 183.238
385.91 175.941
400.943 177.313
413.003 184.787
400.382 188.561
385.079 187.038
293.172 273.941
311.746 266.359
326.602 261.38
336.396 264.202
346.287 262.629
362.639 268.91
382.163 277.809
361.958 284.144
346.09 286.482
335.629 286.568
325.359 285.305
311.228 281.525
299.64 274.538
326.161 272.673
336.284 273.805
346.415 273.275
375.324 277.563
346.191 272
336.315 272.363
326.401 271.146
