219.099 241.72
222.246 268.176
226.142 294.194
231.728 319.945
241.683 345.431
260.711 366.044
285.042 382.726
313.839 394.838
342.693 397.951
369.779 393.595
392.511 379.651
414.072 361.958
429.705 340.349
437.147 315.617
440.649 289.767
443.365 264.074
445.541 238.53
240.372 220.928
255.669 205.667
277.892 199.961
301.44 201.747
323.176 209.738
350.498 209.717
371.613 199.354
394.615 196.16
416.512 202.137
430.063 218.73
337.155 224.141
338.25 243.028
339.358 261.498
340.585 280.46
316.7 293.122
327.921 296.849
340.218 300.079
352.241 296.248
362.935 292.104
264.746 232.42
277.416 222.296
293.104 221.564
308.011 232.158
293.098 235.172
277.322 236.542
363.88 231.851
377.726 220.457
393.416 220.677
406.626 229.731
394.4 234.172
378.716 234.116
296.597 327.462
313.637 322.001
329.263 318.358
339.974 321.028
350.962 318.277
366.579 321.61
383.43 326.333
366.697 337.369
352.488 342.939
340.836 344.122
329.172 343.057
314.388 338.097
303.184 328.576
329.291 327.943
340.382 328.904
351.504 327.474
377.049 327.363
351.278 329.32
340.263 331.126
329.313 329.461
