191.306 236.508
193.335 261.187
196.735 287.218
200.836 315.603
209.253 344.186
225.199 369.425
247.553 389.699
275.115 401.867
307.639 403.77
341.761 401.098
367.771 387.302
388.582 366.88
402.574 341.677
409.824 313.603
412.595 285.803
414.86 260.537
415.499 235.114
209.16 195.695
221.453 177.182
243.388 169.723
266.448 171.173
288.412 179.594
322.459 180.092
343.543 171.551
365.725 169.785
387.015 176.107
399.966 194.255
306.351 201.105
306.545 220.842
306.87 240.246
307.159 260.424
282.317 283.29
294.177 285.592
306.492 288.278
318.81 285.203
330.902 282.556
230.787 213.754
243.738 205.276
259.664 204.437
276.04 212.67
260.497 216.165
244.179 217.885
335.666 213.087
352.131 203.948
367.417 204.981
379.724 213.946
367.444 217.558
351.779 216.175
257.064 326.671
276.282 316.677
294.146 310.577
307.685 314.437
321.288 310.216
338.847 316.163
357.57 325.393
339.623 337.594
322.481 343.355
307.769 344.855
293.369 343.283
276.164 339.313
264.635 327.14
294.04 324.372
307.942 325.484
321.79 323.99
350.261 325.933
321.668 324.462
307.79 326.501
293.918 324.943
