203.52 174.594
205.794 201.56
211.118 230.025
214.399 259.318
221.601 287.431
237.397 310.586
259.641 328.759
286.388 341.563
316.661 344.247
345.291 339.604
369.269 324.389
391.184 306.043
407.255 281.919
415.839 255.203
420.244 227.802
424.161 200.458
426.094 173.32
221.647 152.884
236.921 139.792
257.39 136.881
278.539 139.917
297.395 147.835
327.492 146.364
348.809 137.625
370.256 134.062
391.933 137.087
407.649 151.144
312.697 165.746
312.305 185.672
311.912 205.27
311.924 224.977
291.759 240.759
301.634 243.617
312.041 246.432
323.141 243.289
333.486 240.813
243.186 171.529
255.781 164.068
271.724 164.207
285.931 174.106
271.265 176.807
255.17 177.229
340.801 172.468
355.539 162.376
370.956 161.88
383.119 168.346
371.859 174.32
356.323 174.675
271.01 276.234
286.675 267.999
301.122 262.779
313.599 265.902
326.419 262.446
341.49 267.18
357.958 274.554
341.951 283.855
327.222 288.309
313.789 289.692
300.714 288.872
286.586 285.538
277.607 276.441
301.071 274.823
313.848 275.771
326.903 273.899
350.736 275.437
326.401 272.704
313.593 274.074
301.109 273.266
