246.292 210.865
249.595 236.084
255.059 261.24
261.499 286.477
272.148 309.812
288.526 330.013
309.247 346.031
332.908 355.099
358.234 356.046
383.93 352.114
406.21 338.462
425.432 318.898
437.887 295.197
443.737 269.353
446.008 243.684
447.128 218.431
446.757 192.972
261.433 183.685
274.492 170.371
293.927 166.846
314.029 167.588
333.4 173.188
357.146 170.259
375.573 161.491
394.99 157.995
414.049 160.035
427.552 172.276
346.982 189.997
348.055 205.05
349.102 220.244
350.29 236.164
329.835 256.766
339.991 258.543
351.308 260.036
361.993 257.237
371.963 254.417
285.213 201.355
296.781 193.999
310.375 192.613
323.138 199.823
310.723 203.979
296.877 205.348
370.57 197.122
383.438 188.476
396.74 188.114
407.765 194.415
397.56 199.892
383.991 199.797
312.45 297.247
327.5 289.808
342.168 284.361
352.931 286.544
363.746 283.011
378.266 286.756
394.3 291.791
379.781 303.62
366.11 308.481
354.798 309.83
343.2 309.76
328.295 306.587
318.855 297.162
342.529 294.266
353.509 295.051
364.437 292.739
388.038 292.36
364.537 293.11
353.719 295.191
342.678 294.662
