161.366 218.652
163.404 249.188
168.947 278.771
175.372 307.379
184.647 333.638
200.334 357.466
221.964 375.72
246.229 389.037
274.618 392.53
303.86 388.352
328.707 373.965
351.74 356.443
369.494 333.641
379.997 306.179
387.741 277.059
393.973 245.992
397.085 214.887
175.946 203.869
192.182 189.177
215.21 187.632
238.119 191.036
260.078 199.426
290.888 198.675
313.837 188.248
338.388 184.024
362.698 186.581
380.229 202.536
275.001 217.642
274.479 236.776
273.914 255.959
273.41 275.858
250.16 292.836
261.805 295.25
274.047 298.238
286.667 295.278
298.868 292.206
197.583 221.503
212.028 211.964
230.498 212.112
246.595 225.966
229.406 229.378
210.645 229.696
306.391 225.138
323.307 210.923
341.845 209.858
355.703 219.619
343.515 228.212
324.309 228.103
232.827 329.553
249.226 322.201
263.817 315.925
274.157 319.157
284.085 315.994
299.155 320.767
316.063 327.732
299.032 336.836
284.944 341.411
274.014 342.533
262.964 342.114
248.924 338.915
240.208 330.254
263.465 327.719
274.026 328.852
284.507 327.513
308.709 328.485
284.138 324.132
273.988 325.676
263.488 324.631
