182.842 213.798
183.778 241.938
187.62 269.24
192.417 295.679
202.938 321.198
221.155 341.704
242.718 359.874
265.501 373.252
292.364 378.128
318.21 375.798
342.716 361.852
364.572 343.488
383.608 321.16
393.402 295.176
399.538 269.612
404.33 244.104
406.321 217.289
194.905 190.096
208.196 171.511
231.863 164.755
256.511 169.077
278.609 180.989
309.061 182.621
330.041 173.528
353.001 169.026
375.503 175.001
389.254 192.797
293.102 207.384
293.023 228.239
293.109 248.751
293.186 269.448
267.539 280.46
279.837 283.669
292.483 287.407
305.276 284.335
317.594 281.772
218.04 210.661
231.061 206.074
245.735 206.709
259.73 214.913
245.252 217.118
229.91 216.588
327.229 217.461
341.377 209.91
356.296 210.283
368.82 215.46
356.847 220.609
341.445 220.695
248.864 311.61
264.45 305.957
280.943 302.098
291.908 305.431
302.407 303.508
318.165 308.985
335.333 315.742
317.604 330.167
302.018 334.757
290.495 334.919
278.73 333.202
263.144 326.515
256.469 312.989
280.576 313.454
291.715 315.28
302.248 315.118
328.129 317.084
301.998 316.963
291.278 317.165
280.022 315.475
