128.243 188.967
133.569 222.132
140.796 254.339
148.484 285.163
161.085 314.742
182.209 340.074
209.404 359.049
241.55 372.762
274.705 375.998
306.746 369.853
334.404 352.299
357.883 331.26
373.59 304.719
381.605 275.608
385.892 244.915
389.237 214.775
390.665 184.213
155.042 156.29
170.715 138.182
194.894 130.972
221.63 132.062
244.882 141.129
287.882 140.178
309.552 131.271
332.581 129.594
354.464 135.696
369.515 151.256
266.809 163.486
267.749 181.895
268.814 199.723
270.065 218.355
246.644 244.474
257.753 247.319
269.935 249.289
281.801 246.925
292.229 243.887
185.203 176.449
199.565 165.825
217.813 164.268
235.432 174.39
218.719 179.7
200.112 181.645
294.018 173.172
310.213 162.708
328.288 163.69
342.517 172.654
328.441 178.397
310.313 177.773
226.025 295.759
243.128 282.957
259.421 274.969
270.657 278.055
282.003 274.354
298.138 281.67
314.025 293.505
299.08 304.426
283.535 308.276
271.65 309.348
259.589 308.332
243.207 304.848
233.815 294.252
259.746 289.409
271.247 290.013
282.531 288.21
306.619 292.582
282.023 288.688
270.716 290.417
259.314 289.158
