204.461 244.255
208.713 267.785
214.383 289.088
220.602 310.39
228.117 331.763
242.509 350.388
261.335 364.512
282.112 375.162
306.078 377.937
331.617 374.301
354.524 362.604
373.624 346.615
387.161 326.811
392.969 304.155
396.338 280.593
398.849 256.797
399.688 232.17
217.387 225.43
226.356 210.76
243.011 204.039
262.384 203.72
280.303 210.187
303.419 208.505
321.829 199.463
342.894 197.582
362.498 203.756
375.567 217.077
293.372 223.387
294.08 239.552
294.61 255.655
295.315 272.104
279.367 284.522
287.782 288.043
297.009 290.271
306.51 287.12
315.483 283.616
236.967 233.588
245.671 226.582
257.775 225.006
270.306 231.052
258.65 233.561
246.441 235.27
320.782 229.49
332.301 222.452
344.032 222.99
354.827 228.877
344.524 231.714
332.458 231.37
268.208 319.133
280.907 315.078
291.935 312.048
299.037 313.988
305.528 311.768
318.174 314.235
335.172 316.574
318.999 324.119
306.821 326.309
300.09 326.921
292.67 326.707
281.723 324.691
273.314 319.448
292.093 318
299.398 318.713
305.891 317.752
329.748 316.984
305.822 316.43
299.405 317.029
292.368 316.513
