250.374 209.734
252.671 235.451
256.58 261.53
261.987 287.72
271.099 311.585
288.161 332.688
309.89 349.601
333.252 363.11
359.504 366.873
386.608 361.967
409.348 346.677
430.225 328.392
445.719 307.002
452.563 283.649
456.758 259.52
459.398 235.68
461.72 211.397
273.894 190.201
284.824 175.186
302.548 167.455
322.954 167.228
341.128 174.809
371.123 174.625
389.316 167.154
408.793 167.366
426.8 175.144
438.239 189.339
356.828 196.192
356.983 213.588
356.999 230.372
357.095 247.963
337.434 262.219
346.52 265.857
357.061 269.124
367.125 266.075
376.062 262.267
297.393 205.042
307.527 198.37
320.253 197.678
331.924 204.292
320.133 206.581
307.511 207.556
380.484 204.05
392.808 197.637
405.524 198.874
415.705 205.441
405.341 207.549
392.898 206.592
319.843 300.146
333.786 294.056
347.063 289.629
357.254 292.501
367.513 289.269
380.45 293.57
395.296 299.305
381.048 309.299
368.574 313.105
358.072 314.619
347.245 313.403
334.424 309.358
325.665 300.574
347.037 299.719
357.648 300.898
367.741 299.435
389.307 299.955
367.836 298.997
357.867 300.543
347.65 299.167
