182.563 205.807
185.282 242.431
190.028 279.66
197.493 317.342
214.722 351.719
240.783 380.474
270.234 403.946
300.026 424.053
336.139 427.204
372.151 417.028
400.953 392.352
427.912 365.129
449.52 333.362
461.048 298.479
462.577 261.829
462.152 224.906
459.518 189.498
196.356 201.361
214.269 182.155
241.32 178.198
268.968 181.131
294.767 189.286
336.724 187.3
362.748 176.811
389.975 171.58
417.272 172.44
439.037 186.83
316.557 208.747
317.504 230.909
318.718 253.556
320.427 276.988
287.594 289.852
304.328 292.679
322.709 296.752
340.853 289.847
358.201 284.607
232.296 213.794
247.803 207.788
264.753 206.727
280.971 214.627
264.553 216.939
247.834 217.409
357.343 210.475
372.919 201.616
389.46 200.545
405.15 204.449
390.537 209.32
374.333 210.641
258.626 326.635
282.368 320.505
306.363 316.149
326.285 319.14
345.826 312.818
371.916 312.788
394.426 315.589
374.993 346.95
350.629 363.891
329.77 367.59
309.076 367.25
283.417 355.701
267.946 329.341
307.311 327.897
327.247 328.319
346.829 324.507
386.127 319.12
348.262 342.549
328.176 346.66
307.946 345.631
