240.584 242.531
242.579 268.615
244.13 294.292
246.774 321.472
255.906 346.886
274.161 369.797
297.94 387.833
323.994 404.05
353.55 408.679
382.925 405.874
407.412 391.167
429.96 374.666
448.721 353.532
459.899 329.03
465.738 301.842
468.748 276.442
471.79 251.531
262.358 216.924
277.415 200.987
299.901 194.435
323.435 196.217
345.724 205.504
376.94 208.982
398.247 201.85
422.141 201.891
443.189 211.019
456.245 227.081
361.254 226.349
360.979 244.907
360.726 263.198
360.293 282.07
333.389 294.298
345.891 297.313
358.518 301.366
371.053 298.523
382.867 296.161
289.605 232.465
302.228 224.881
316.53 224.79
330.439 234.432
316.324 235.568
302.159 235.279
388.201 237.6
401.869 229.607
416.081 231.112
427.893 239.924
415.706 240.749
401.626 239.887
296.577 319.182
318.528 312.764
341.268 310.73
356.517 314.305
371.654 312.562
392.526 316.615
411.755 324.761
391.469 345.795
370.495 355.089
354.302 356.036
338.029 353.671
315.629 342.241
302.676 320.688
340.844 318.356
356.355 320.797
371.48 319.895
404.656 325.935
370.267 342.276
354.677 343.655
338.927 340.993
