216.781 204.461
220.095 235.816
225.551 264.56
231.88 294.001
243.674 322.065
263.931 344.602
287.571 362.081
312.91 378.438
340.657 381.571
368.213 374.851
392.95 356.688
417.33 335.804
436.922 310.632
446.093 282.484
450.158 252.202
452.335 220.617
452.379 189.336
232.588 199.193
247.915 185.742
269.249 182.332
290.724 185.021
312.371 192.229
343.009 190.887
362.273 179.61
384.38 173.448
407.386 172.666
426.307 182.559
328.14 207.476
328.252 229.186
328.67 251.045
328.832 272.899
307.182 282.178
318.812 285.367
331.526 289.164
344.579 283.689
357.227 278.673
258.431 210.951
270.686 203.204
285.707 202.767
299.552 213.252
285.286 214.299
270.368 214.55
360.967 208.727
373.571 196.954
388.283 194.713
401.217 200.437
390.352 205.988
375.626 207.97
283.53 304.09
301.424 302.884
319.924 302.274
334.184 304.895
347.939 300.574
368.5 298.861
389.785 297.68
371.506 322.639
352.604 336.149
337.877 339.223
322.771 338.394
303.179 327.623
289.913 306.025
320.719 307.924
334.711 309.024
348.591 305.828
383.649 300.52
350.599 321.54
336.335 324.596
321.875 322.837
