213.644 236.875
214.478 266.68
215.456 294.694
216.55 324.784
223.624 352.438
240.903 374.72
265.432 392.368
291.647 408.989
322.623 416.254
355.087 413.615
383.096 400.645
408.17 385.469
428.239 364.168
438.704 338.143
444.909 310.074
449.039 283.895
452.33 256.95
236.215 215.997
251.978 199.169
276.134 193.599
301.119 196.798
323.557 206.753
361.909 209.571
384.975 203.904
409.839 205.362
430.656 215.529
442.299 233.817
339.895 233.919
338.377 252.432
337.077 270.382
335.75 288.843
306.229 301.2
319.645 305.193
333.388 309.95
348.016 307.465
362.077 305.522
264.256 234.79
278.953 228.452
294.629 229.941
308.499 241.141
293.222 240.961
277.314 239.306
367.96 245.661
384.288 237.127
400.168 238.193
412.231 246.8
399.166 248.999
383.25 247.791
269.587 325.139
292.514 322.953
316.186 323.354
331.19 327.387
347.467 326.133
369.438 329.647
390.707 334.722
368.042 353.978
344.356 361.997
327.649 362.07
311.771 359.177
289.183 347.453
276.067 328.052
315.355 331.945
330.683 334.823
346.669 334.289
383.915 336.291
345.189 348.507
329.079 348.396
313.469 345.722
