231.012 221.921
231.533 250.617
235.181 278.586
240.188 307.794
249.687 337.588
267.597 363.232
290.985 383.048
318.299 398.424
348.581 401.103
377.527 395.399
402.433 378.892
424.303 358.263
440.019 333.253
449.234 305.779
453 277.949
455.122 250.906
454.699 222.065
244.533 204.84
260.046 191.079
282.138 185.65
305.128 186.09
327.567 192.631
360.895 194.397
380.414 186.775
401.846 184.932
422.973 188.561
439.096 199.967
344.047 212.351
344.308 231.797
344.596 251.192
344.797 271.52
322.315 287.625
333.775 290.201
345.78 293.523
357.532 290.246
368.313 287.118
270.392 217.763
282.963 210.256
298.008 210.044
314.33 219.841
297.983 221.511
282.719 221.901
373.228 219.405
388.358 209.558
403.237 209.511
416.446 216.402
404.059 220.498
389.414 220.591
293.989 316.964
312.778 309.928
331.583 307.095
345.932 309.909
359.996 306.51
377.813 309.557
396.917 315.475
377.927 330.957
360.158 337.915
345.633 339.497
331.011 338.153
312.692 331.485
301.073 317.865
331.839 317.091
346.344 318.407
360.413 317.07
389.543 317.251
359.59 321.679
345.497 323.266
330.922 322.28
