216.755 237.113
219.018 264.497
222.471 290.938
227.32 318.935
238.017 346.324
257.64 367.956
281.732 384.784
307.993 400.341
338.526 403.235
368.956 396.717
395.071 378.81
418.923 360.379
437.291 337.705
445.996 311.197
448.156 282.741
448.969 254.607
449.704 225.315
225.501 213.446
238.627 196.871
259.896 192.735
281.906 194.772
303.926 202.23
343.319 201.127
364.224 190.284
387.55 186.054
410.283 188.836
427.09 201.952
323.826 220.678
323.957 237.808
323.892 255.01
324.172 273.095
304.379 294.573
315.704 295.869
327.212 297.682
339.893 294.042
352.473 290.834
252.42 233.185
265.072 223.43
282.014 222.762
298.622 234.103
281.841 237.828
264.799 238.357
355.751 230.184
369.613 217.664
386.203 216.136
401.255 223.182
388.12 230.006
371.408 231.586
278.421 326.627
297.235 321.171
316.621 316.52
330.963 318.268
344.196 314.185
366.268 315.708
389.638 319.06
369.804 341.538
348.763 353.358
334.206 355.735
319.264 355.528
299.12 347.374
285.73 328.527
317.561 326.125
332.038 326.01
345.497 323.286
382.425 321.559
346.58 337.479
332.866 340.032
318.216 339.855
