158.408 238.702
158.023 262.309
159.142 287.44
160.989 314.648
167.536 341.841
181.831 364.713
203.685 381.294
228.391 397.613
260.159 404.113
292.38 401.276
322.583 388.821
347.57 373.28
366.362 350.85
376.072 324.617
380.158 298.84
383.717 273.466
385.925 247.778
173.508 214.891
186.031 199.472
207.535 194.619
229.239 199.791
249.404 210.136
284.821 209.939
306.109 199.508
330.42 197.1
353.103 205.307
366.129 222.635
266.238 230.285
265.223 247.361
264.172 264.62
263.003 282.253
238.61 292.563
250.667 296.729
263.605 301.663
276.975 298.438
289.815 295.843
199.667 233.438
211.707 228.629
225.268 228.802
239.379 236.371
225.097 237.409
211.285 236.694
296.113 238.469
310.259 231.873
324.018 232.521
336.167 238.951
324.158 240.964
310.324 240.527
207.12 320.47
227.361 314.614
247.893 313.273
263.186 316.46
279.026 314.662
300.124 318.579
321.237 326.098
299.779 344.201
278.222 351.997
261.407 353.03
245.101 350.519
225.135 340.58
214.404 321.994
247.357 321.763
262.996 323.86
278.835 323.207
314.114 327.095
278.139 338.506
262.107 339.123
246.197 336.965
