243.118 235.798
247.328 268.381
253.15 298.878
259.954 329.903
272.065 359.238
293.634 384.635
320.036 405.059
350.181 423.172
382.611 428.109
415.498 421.394
443.002 400.785
466.379 376.758
485.089 348.163
494.471 316.997
498.661 286.199
499.619 255.248
499.23 223.948
262.507 218.679
278.31 202.235
302.604 196.125
328.78 196.89
351.766 204.813
390.864 202.647
414.29 192.237
440.222 188.508
464.31 194.352
481.974 209.015
373.436 227.31
374.326 249.354
375.261 271.756
376.309 295.041
345.479 307.116
360.512 311.927
376.625 317.062
392.014 311.792
406.224 307.025
289.255 236.011
305.517 230.079
322.206 230.284
337.714 237.827
321.839 239.734
305.388 240.011
407.639 235.171
423.446 226.418
439.76 225.201
455.158 230.354
441.393 235.056
425.286 235.992
311.041 336.074
334.202 329.689
358.822 327.432
376.541 330.48
395.258 327.119
420.563 328.144
443.082 331.938
422.115 360.033
397.751 373.534
378.217 376.046
358.927 374.195
334.158 362.414
318.294 338.289
359.339 337.485
377.226 339.455
396.101 336.924
435.159 334.39
396.483 358.168
377.262 361.637
358.531 359.197
