217.286 236.214
219.618 264.494
222.552 291.972
228.411 319.532
240.417 345.888
260.839 367.974
285.121 386.104
312.55 402.306
341.735 406.996
369.636 401.967
393.745 385.259
416.113 367.215
433.61 343.85
443.927 317.15
448.68 289.724
450.606 262.72
451.754 235.42
240.864 222.133
256.154 207.772
277.664 202.716
300.447 204.511
322.078 210.617
353.6 209.935
374.557 202.34
397.294 200.135
418.601 206.01
431.629 221.656
338.366 225.859
339.3 244.981
340.306 264.333
341.368 284.408
313.792 293.394
326.649 298.208
340.519 302.583
353.739 298.338
365.322 293.789
266.514 232.871
278.48 224.211
293.465 223.618
307.884 233.479
293.94 235.576
278.874 236.403
364.266 233.816
377.994 223.568
393.12 223.942
405.34 232.247
393.535 235.975
378.346 235.827
288.06 321.201
307.378 316.709
327.152 315.792
339.579 318.488
353.413 316.176
373.239 317.833
391.672 321.032
373.437 343.862
354.167 354.066
339.911 355.352
326.336 353.654
306.715 344.072
293.781 322.91
327.165 322.313
339.844 323.627
353.469 322.662
384.961 323.048
353.432 339.712
339.73 341.245
326.588 339.471
