186.416 230.406
186.78 259.656
189.294 288.689
191.785 317.942
199.229 347.609
216.084 372.632
239.181 392.546
267.655 408.762
299.571 413.412
330.92 408.111
357.903 391.777
382.245 372.193
399.022 348.499
406.893 319.808
410.263 291.034
414.045 262.743
416.62 234.269
199.507 216.031
214.074 200.629
236.577 196.465
259.964 199.512
280.704 210.043
315.1 211.728
336.224 203.058
360.114 201.132
382.392 206.578
398.569 220.692
297.313 232.633
296.962 251.401
296.541 270.163
296.201 289.156
271.216 302.161
283.285 305.329
296.202 308.727
309.707 305.178
321.928 301.498
227.484 231.973
240.579 224.977
256.52 225.625
270.837 237.611
254.844 238.527
238.979 237.253
324.997 238.758
339.364 228.566
354.941 228.313
368.107 235.429
355.547 239.809
339.952 240.448
238.102 327.039
259.362 323.503
280.471 321.302
296.431 324.19
312.154 321.328
334.802 322.86
356.174 326.588
336.163 350.121
314.602 361.994
297.584 363.928
280.948 362.383
259.232 351.319
244.608 329.274
280.665 328.738
296.942 330.583
312.692 328.435
349.531 327.954
313.422 348.966
297.366 351.151
280.768 348.676
