166.255 219.704
168.095 253.24
171.443 287.047
176.157 320.675
188.905 352.239
211.788 380.862
238.428 406.552
267.099 429.233
302.286 435.567
338.051 429.566
364.401 405.696
387.499 380.785
407.923 352.292
418.782 320.84
422.45 288.138
424.847 257.787
426.181 227.177
190.053 214.273
206.984 194.502
232.917 187.714
260.608 190.267
286.391 201.114
321.537 203.44
346.383 194.614
372.457 193.955
395.672 201.304
409.386 220.036
304.926 225.135
305.438 246.467
306.044 267.958
306.677 290.624
270.73 298.363
287.304 304.247
305.107 311.003
321.779 305.651
336.527 300.26
223.568 227.385
238.99 221.586
255.336 222.156
270.419 231.327
254.249 233.359
238.042 232.61
332.059 234.013
347.535 226.211
364.152 226.502
378.088 233.106
364.563 237.178
347.853 236.97
233.865 327.22
258.12 324.65
283.345 325.025
303.11 329.698
322.084 326.071
346.671 327.481
366.676 330.072
346.361 361.416
322.115 376.784
301.765 378.96
280.792 375.775
255.858 359.379
240.81 329.843
283.027 333.112
302.916 336.792
321.917 334.253
359.8 332.468
321.908 360.524
302.33 363.414
281.666 358.963
