194.657 216.638
198.134 248.278
202.835 277.284
206.953 306.418
215.428 334.745
232.714 360.137
257.298 380.221
285.082 396.299
316.336 401.301
345.61 395.418
370.084 376.83
391.072 354.921
405.452 330.865
413.114 304.09
417.654 276.255
422.235 249.721
424.95 220.782
213.359 205.821
227.403 190.207
249.145 184.69
272.208 187.751
294.56 194.753
341.211 196.921
360.465 190.538
381.692 187.193
402.636 192.213
416.198 206.141
316.838 215.275
316.977 236.135
317.136 256.924
317.234 278.095
291.569 287.448
304.09 291.126
316.953 295.684
329.636 291.525
341.06 287.465
241.35 220.388
254.904 213.215
270.411 212.794
285.315 222.236
270.057 224.755
254.518 224.631
348.401 223.605
362.941 214.645
377.823 215.918
390.258 223.444
377.42 227.227
362.65 226.398
258.669 313.947
280.431 310.953
302.422 309.539
315.81 312.679
329.816 309.779
350.373 311.22
368.747 313.555
349.805 337.849
329.643 348.265
314.537 349.742
299.988 348.08
278.439 337.802
264.902 316.279
302.001 318.115
316.008 319.705
329.986 318.202
361.081 316.371
329.358 332.304
315.167 334.593
300.967 332.862
