186.339 225.106
189.427 251.408
194.968 277.4
202.621 302.523
213.797 327.867
231.845 350.009
257.951 364.412
286.344 373.556
315.274 375.253
342.576 369.193
367.343 357.364
390.551 340.34
404.908 317.272
413.717 292.197
419.041 267.413
422.381 242.287
423.565 216.231
214.224 194.978
230.278 180.979
252.223 175.402
275.497 177.045
297.306 184.585
326.18 184.071
345.795 176.729
367.625 173.924
387.945 178.17
402.558 191.191
311.639 199.207
312.588 216.578
313.759 233.683
314.615 251.347
292.612 272.28
303.522 274.676
314.594 276.511
324.791 273.828
334.79 270.24
240.92 210.085
253.869 202.476
268.475 201.179
283.329 209.443
268.416 212.02
254.061 213.023
336.135 208.42
349.537 199.356
364.069 199.429
377.209 205.807
364.586 209.293
350.361 209.542
265.689 304.393
283.965 297.789
302.077 293.965
313.712 295.739
324.976 293.118
341.608 295.507
359.856 300.328
342.909 314.366
327.086 320.485
314.732 322.032
302.553 321.393
284.529 316.218
272.224 304.902
302.27 303.117
313.926 303.017
325.517 301.698
352.557 302.088
326.132 307.777
314.378 308.848
302.607 308.657
