246.41 208.016
248.089 234.237
251.205 258.464
256.636 283.279
268.439 307.12
285.552 326.899
307.194 344.201
330.791 358.648
357.872 361.461
384.457 355.281
405.834 337.773
426.201 317.911
440.902 296.808
448.5 272.1
450.405 246.451
450.594 221.048
449.694 194.747
259.82 183.836
273.502 170.824
293.315 167.124
313.816 169.104
332.776 175.007
360.445 171.71
378.082 162.446
397.732 158.372
415.965 161.039
429.607 171.975
347.261 191.452
348.173 206.533
349.246 222.058
350.402 238.346
327.394 255.617
338.944 258.061
351.524 260.382
363.609 256.385
374.78 252.652
284.589 202.023
296.705 195.504
310.1 194.325
323.17 200.833
310.43 204.071
296.923 205.335
370.866 198.185
383.262 190.299
396.508 189.377
408.411 195.027
397.568 199.675
384.263 199.908
303.54 286.56
321.265 282.008
339.802 278.691
352.001 280.56
364.592 277.317
384.121 278.927
403.435 282.175
386.762 306.81
367.952 317.233
354.244 318.85
341.34 318.089
322.295 309.212
310.386 288.955
340.245 288.35
352.562 289.067
365.571 287.174
397.19 285.037
366.099 300.632
352.964 302.535
340.366 301.614
