161.855 217.205
163.44 247.01
167.238 275.815
172.826 304.571
184.127 331.318
201.862 354.518
223.24 374.621
247.017 390.692
274.605 394.966
302.575 389.732
327.905 372.562
352.53 353.555
373.302 330.701
386.843 303.89
394.197 273.97
398.646 244.835
402.428 213.848
175.927 203.583
191.08 187.961
213.403 185.255
236.035 188.962
257.092 197.406
293.353 193.991
315.18 183.619
339.636 180.514
363.025 184.409
379.893 198.86
275.872 215.66
275.291 236.331
274.439 256.928
273.616 277.881
245.435 286.694
259.697 290.544
274.402 294.942
289.978 290.004
304.434 285.496
200.501 218.442
214.926 212.232
230.616 212.939
245.199 222.897
229.947 223.923
214.095 223.583
308.063 220.708
322.555 210.14
338.66 208.828
353.013 215.083
340.083 219.996
323.89 220.974
219.144 309.841
238.535 305.801
259.801 304.366
273.983 307.26
289.284 303.616
311.897 304.75
333.535 307.443
312.562 331.131
290.878 343.017
274.29 345.16
258.923 343.742
237.968 333.225
226.073 311.67
259.727 312.36
274.173 313.943
289.788 311.495
326.774 309.56
290.179 329.274
274.246 331.902
259.201 330.298
