206.791 200.614
210.151 229.321
215.195 255.978
221.339 283.182
232.446 310.642
250.033 334.65
271.368 354.932
295.365 372.123
325.146 375.661
353.962 369.171
379.266 351.586
401.288 329.564
419.525 302.602
428.134 273.59
431.102 243.585
431.537 213.6
431.378 182.865
214.907 188.594
226.682 171.71
248.452 164.305
272.522 164.814
295.34 170.738
320.877 168.098
343.751 159.41
368.718 156.432
392.323 161.045
409.705 174.578
310.906 189.504
311.885 210.645
312.851 231.631
313.911 252.888
289.03 259.826
302.113 264.634
316.518 268.745
330.709 262.66
343.204 256.925
243.577 199.797
254.567 192.793
268.86 191.374
284.264 198.431
270.138 201.433
255.361 203.012
342.247 194.086
356.498 184.94
370.782 184.555
382.894 189.943
371.94 194.315
357.497 195.222
265.832 289.845
284.272 285.516
304.411 283.341
317.751 285.371
332.124 281.758
354.092 281.399
376.144 283.398
356.787 309.317
336.698 322.34
321.552 325.323
307.56 324.438
286.24 314.207
272.694 291.472
305.023 290.161
318.357 291.319
332.86 288.416
369.371 285.791
334.661 307.132
319.865 309.808
306.462 308.408
