186.876 168.108
187.682 198.73
189.941 227.684
193.93 258.437
205.332 286.072
224.398 309.171
247.812 327.957
273.1 344.969
302.767 350.328
332.599 343.677
358.863 326.096
381.582 307.898
400.263 284.222
410.115 256.937
414.132 227.458
414.489 199.515
414.937 171.341
207.321 160.818
221.754 147.638
243.411 144.03
266.098 146.187
285.138 155.302
321.462 155.536
340.383 148.703
361.443 147.194
380.501 151.926
394.399 164.187
303.403 174.632
303.127 194.766
303.072 215.074
302.953 235.527
273.86 237.691
287.36 243.356
302.189 249.183
317.007 244.081
329.868 239.499
234.195 173.952
247.41 171.629
260.334 172.192
273.484 177.535
260.489 176.477
247.38 175.692
331.219 178.782
344.508 174.186
357.371 174.399
369.93 176.986
357.522 178.229
344.943 178.863
240.921 263.101
260.879 257.786
283.186 257.179
300.562 261.04
319.313 257.9
341.219 259.431
359.517 263.774
341.641 288.292
319.999 299.74
300.525 301.624
282.324 299.109
259.68 287.68
246.95 264.432
282.924 264.671
300.542 267.321
319.423 265.373
352.663 265.708
319.641 286.886
300.783 288.265
282.937 286.218
