151.396 181.999
153.079 209.752
156.226 236.767
161.33 265.214
171.275 292.59
189.883 315.705
213.493 334.872
239.015 351.039
268.486 356.986
298.877 352.915
327.004 337.365
350.877 318.299
369.634 294.617
379.516 266.952
383.453 237.429
384.456 209.361
384.721 180.471
171.548 164.799
186.563 150.31
208.247 145.651
231.315 148.346
251.339 157.351
281.047 157.275
300.067 149.747
322.506 147.459
343.673 151.703
360.631 163.731
266.421 172.779
266.524 191.291
266.582 210.004
266.674 228.642
242.127 240.061
254.047 244.103
266.745 248.292
280.112 244.095
292.371 240.141
196.99 174.565
209.569 166.756
224.608 166.854
238.903 177.611
224.146 177.665
209.045 177.404
293.933 178.666
307.921 168.23
323.35 168.101
336.107 176.138
323.755 179.003
308.603 179.123
209.462 267.503
230.543 261.298
252.642 259.284
267.973 262.464
284.34 259.418
307.101 261.84
327.558 268.78
307.94 287.845
285.569 296.126
268.567 297.432
252.332 295.77
229.895 287.463
216.624 268.724
252.478 268.177
268.108 270.07
284.208 268.047
321.128 269.385
285.013 282.671
268.558 283.606
252.628 282.573
