181.176 219.523
182.744 247.841
185.194 275.751
190.668 305.445
202.075 333.866
221.891 361.22
246.44 385.778
273.167 406.817
304.143 412.945
334.172 405.427
358.005 383.439
377.721 358.642
393.568 329.953
402.278 299.435
405.551 268.34
404.999 240.142
403.362 212.857
200.093 209.471
212.609 192.751
233.312 185.058
255.545 185.645
277.125 190.657
310.688 188.495
331.515 181.082
353.15 178.375
373.217 186.218
385.787 200.944
294.967 206.373
295.871 227.675
296.744 249.39
297.868 272.169
272.41 281.107
284.548 284.822
297.563 289.589
310.253 284.876
321.359 280.998
226.856 215.182
238.43 209.86
251.109 208.5
264.442 213.513
251.797 215.12
239.111 216.362
323.026 211.298
336.536 204.93
349.451 205.508
360.878 210.253
349.706 212.209
336.959 212.125
245.464 307.837
263.785 305.019
283.537 303.771
296.79 307.151
310.481 303.772
330.26 304.603
349.491 305.376
331.475 330.507
312.43 341.583
298.146 343.931
283.84 341.983
264.162 331.637
251.953 310.816
283.726 312.823
297.238 314.822
310.833 312.548
343.018 308.581
311.431 325.74
297.773 328.508
283.799 326.223
