192.409 161.862
191.197 191.866
190.927 222.31
194.87 253.292
206.572 280.292
225.14 303.069
248.266 321.3
271.533 337.695
298.308 343.476
324.471 339.514
348.768 326.87
373.5 309.848
393.354 288.297
406.333 260.707
412.976 231.287
417.492 200.658
419.773 170.605
207.057 149.893
221.914 137.152
242.158 134.075
262.668 137.241
282.011 146.826
322.589 150.341
342.163 141.39
364.318 138.698
385.161 143.308
400.712 157.074
300.815 167.8
300.16 185.201
299.662 202.429
299.285 220.506
274.876 233.755
286.374 237.361
298.971 240.772
312.521 237.8
325.379 234.49
232.64 165.197
246.01 159.072
260.705 159.959
274.138 171.934
259.033 171.256
244.296 170.321
330.473 173.777
344.485 163.551
359.098 163.458
371.847 170.77
359.388 173.745
344.638 174.007
249.2 260.295
268.938 257.551
288.01 256.366
300.305 259.242
312.282 257.045
332.979 259.017
352.793 263.377
332.794 285.049
312.004 293.956
299.163 294.645
285.961 292.801
267.393 282.815
256.028 262.087
287.701 263.449
300.181 264.784
312.192 263.916
345.976 264.564
312.091 282.634
299.784 283.505
286.986 281.455
