202.932 198.038
201.897 226.154
203.027 255.125
206.795 285.038
216.086 311.8
232.918 334.492
257.303 351.385
283.852 363.647
312.098 368.873
340.539 366.841
366.964 356.783
391.909 342.171
410.419 321.229
422.554 295.047
430.505 267.473
436.331 241.11
439.713 215.018
231.187 158.027
245.52 144.806
265.421 138.636
288.518 139.684
308.058 148.875
350.82 151.057
370.58 144.811
392.185 146.813
410.172 155.764
421.913 170.833
326.355 174.623
325.12 192.069
323.985 209.254
322.649 227.473
296.452 245.357
307.871 249.624
320.301 253.57
333.281 251.683
345.415 249.533
255.166 177.321
268.656 171.201
281.693 171.744
295.143 181.168
281.12 180.754
267.654 179.961
355.691 185.908
370.833 178.965
383.897 180.402
395.8 189.14
383.057 189.452
369.913 188.046
264.504 277.559
283.306 270.567
303.354 268.766
317.76 272.58
331.637 271.847
350.194 277.167
365.979 288.219
346.996 304.594
327.737 309.095
312.855 308.809
297.918 305.838
279.076 296.829
270.166 278.764
302.573 276.764
317.079 279.204
330.739 279.805
360.233 288.244
328.775 295.62
314.535 295.357
299.852 293.56
