196.221 152.807
197.199 186.9
201.123 221.162
206.539 254.456
219.271 285.623
237.654 314.885
258.24 342.381
282.278 364.381
310.382 371.158
340.16 365.314
365.438 343.734
387.124 318.986
405.95 291.232
418.265 260.758
423.852 228.305
427.691 195.721
429.643 163.009
212.722 145.174
227.248 128.418
250.188 125.011
273.482 128.808
295.667 138.243
332.536 138.465
354.844 131.206
377.579 128.845
399.153 134.911
411.727 152.719
314.195 163.796
314.39 187.795
314.534 211.863
314.653 236.856
285.764 242.083
298.684 247.572
312.878 252.874
327.077 248.537
340.098 243.849
242.74 163.216
255.561 158.467
269.905 158.905
283.878 166.242
269.309 167.004
255.023 166.94
341.174 168.709
355.783 162.023
369.591 162.777
382.024 168.585
369.863 170.521
356.034 170.244
259.965 267.64
277.722 265.12
297.943 264.643
312.55 268.439
328.12 265.427
347.929 265.709
365.349 267.314
347.999 294.151
328.277 307.974
312.055 310.396
296.31 307.794
276.954 293.977
266.278 270.518
298.002 271.733
312.537 274.025
328.132 271.807
358.239 270.044
327.805 293.107
311.941 295.834
296.704 292.392
