257.407 215.51
259.832 239.393
262.781 263.06
265.379 286.874
272.231 309.316
284.674 329.735
300.448 347.574
318.224 363.211
341.542 368.705
366.937 364.889
388.785 352.671
408.012 336.215
424.265 315.826
433.353 291.708
437.432 265.248
441.304 239.766
444.508 213.646
265.156 209.644
275.668 196.189
292.773 191.436
311.61 192.215
328.099 199.522
353.161 200.23
371.757 193.297
392.262 192.713
411.065 197.708
423.847 210.647
341.689 213.439
341.095 225.817
340.376 238.42
339.618 251.511
320.099 265.774
330.374 268.509
340.637 271.377
351.809 268.431
362.005 266.394
288.139 217.12
298.15 213.608
309.836 213.669
321.216 219.625
309.344 220.813
297.813 220.449
366.186 219.885
378.362 214.098
390.02 214.665
400.65 218.397
389.981 221.114
378.486 221.099
296.874 293.539
310.504 287.249
327.301 285.069
340.043 287.491
353.879 285.257
372.443 288.087
390.007 294.472
372.916 314.566
354.686 323.779
340.084 325.217
326.008 323.403
309.916 313.768
302.166 294.775
327.185 292.907
340.206 294.428
354.063 292.984
384.033 295.182
354.414 311.415
340.328 312.74
326.822 311.137
