204.461 243.657
207.198 265.708
209.822 286.265
213.734 307.757
222.412 328.745
238.521 347.169
258.423 362.012
280.323 373.803
305.354 376.663
330.073 372.086
352.304 359.453
371.87 343.829
387.637 323.761
395.523 301.356
398.232 276.949
397.719 254.524
397.552 231.893
217.841 225.946
226.936 210.944
243.666 203.424
262.791 202.541
279.632 208.527
305.282 206.073
322.925 198.625
342.714 197.248
361.238 203.581
373.975 217.037
293.689 223.486
294.5 239.579
295.159 255.715
296.023 272.313
275.702 282.121
286.419 285.203
297.915 288.313
309.538 283.783
320.643 280.258
237.562 231.842
247.028 225.751
258.367 224.582
270.004 230.347
258.921 231.551
247.505 232.4
320.468 228.5
332.04 222.095
343.468 221.985
353.775 226.827
343.8 228.511
332.389 228.841
258.038 304.353
273.335 301.649
288.872 299.883
299.419 301.759
310.961 298.778
328.382 299.804
347.278 301.487
329.723 313.729
313.092 319.441
300.876 320.959
289.477 320.08
274.178 315.473
264.037 305.804
288.864 307.158
299.78 307.957
311.239 306.1
341.406 302.995
311.763 308.577
300.307 309.711
289.208 308.867
