209.547 211.826
211.868 239.279
214.41 265.515
218.017 291.978
226.94 315.77
242.778 336.404
262.056 353.222
283.735 367.186
308.109 371.301
332.288 366.932
353.553 352.031
371.92 333.886
387.07 311.806
394.331 287.412
398.139 262.85
400.582 238.369
402.064 214.382
226.533 209.496
239.527 198.223
257.61 194.192
276.529 195.392
293.806 201.981
323.888 201.133
340.769 195.056
358.958 193.709
376.394 197.376
387.797 209.382
309.626 221.161
309.945 237.561
310.289 253.851
310.485 270.496
289.838 279.801
299.266 282.723
308.893 286.027
318.799 282.882
327.745 280.103
249.709 222.608
260.278 217.756
272.96 218.068
283.777 226.031
272.394 226.444
259.679 225.957
331.027 226.214
342.635 218.07
355.404 217.521
365.545 222.685
356.315 226.299
343.577 226.821
262.979 297.571
277.783 294.052
294.699 293.722
307.507 296.839
321.102 294.251
336.831 295.675
349.777 299.498
336.966 320.675
321.276 330.149
307.338 331.715
293.8 329.335
276.697 318.934
268.042 299.279
294.582 300.419
307.553 302.243
320.993 300.648
344.902 300.936
320.94 318.404
307.154 320.169
294.064 317.933
