247.989 237.154
247.68 260.656
247.681 284.245
250.213 307.978
257.445 331.481
269.726 352.514
285.725 372.301
306.386 385.587
331.693 389.565
357.719 386.25
380.148 373.59
398.079 355.846
412.492 336.373
422.31 313.851
426.27 289.914
428.198 266.379
429.141 242.313
257.81 219.647
270.295 207.562
289.666 206.02
308.559 209.772
327.483 215.203
349.045 216.062
367.853 211.922
386.13 209.745
404.407 211.832
417.257 223.55
336.875 231.816
336.365 247.524
335.895 263.044
335.481 279.459
312.726 291.221
323.497 294.078
334.978 296.93
346.842 294.286
357.947 291.939
276.381 232.715
287.318 226.751
301.572 227.171
313.357 237.139
300.524 239.68
286.298 239.202
360.57 238.559
373.064 229.118
387.519 229.605
398.495 236.162
388.074 241.621
373.611 241.368
295.939 325.495
309.739 317.899
324.783 312.413
334.736 315.613
344.823 312.686
358.606 318.297
371.545 326.736
357.674 338.158
344.391 343.68
333.368 344.793
322.538 343.876
308.652 338.496
302.089 325.857
324.407 325.357
334.607 326.389
344.691 325.268
364.844 326.785
344.267 325.744
333.909 327.181
323.624 326.339
