214.728 234.841
219.014 257.18
224.107 278.633
229.201 300.152
237.213 322.589
252.892 339.921
274.807 352.267
297.64 360.173
322.212 361.49
347.474 357.331
370.654 344.931
389.807 329.75
403.593 309.682
408.279 286.034
409.41 261.694
409.46 237.358
407.951 213.768
224.682 198.686
234.241 184.617
251.535 178.942
270.425 180.132
287.194 187.347
321.725 183.9
337.093 173.807
355.524 170.437
374.001 173.866
387.961 183.56
307.848 205.189
309.631 221.468
311.321 237.135
312.985 252.89
296.091 270.379
305.125 272.305
314.794 273.463
324.093 270.795
332.741 267.859
247.828 214.845
256.956 207.397
269.254 206.296
282.211 212.96
270.286 215.396
257.871 216.9
336.094 209.314
347.427 201.159
359.386 200.504
369.641 206.03
360.347 209.802
348.258 210.162
281.294 304.167
293.485 295.523
305.882 290.688
316.228 292.219
326.373 289.286
339.111 292.48
353.837 298.604
340.152 305.613
328.185 309.29
317.218 311.035
306.934 310.886
294.702 308.974
286.712 303.965
306.449 300.283
316.845 300.55
327.13 299.042
348.109 298.95
326.468 296.946
316.19 298.467
306.103 297.982
