185.66 211.36
188.309 247.878
194.107 285.542
200.288 322.68
214.394 357.709
237.776 387.223
268.01 408.452
299.794 423.574
335.877 425.063
372.889 417.502
401.926 398.638
428.481 373.656
448.088 342.437
458.63 307.569
460.253 271.589
461.027 234.782
458.833 200.073
197.654 202.611
216.085 184.928
242.444 181.998
270.338 185.405
298.145 191.924
333.432 191.407
361.042 181.911
389.627 176.477
417.809 177.524
440.279 192.156
316.365 208.183
317.25 229.838
318.196 251.689
319.312 273.924
291.868 294.305
306.274 295.466
321.771 297.442
337.967 293.217
354.062 289.948
234.06 214.417
248.367 208.236
265.214 207.03
281.092 215.477
264.656 218.527
247.946 219.018
357.703 211.381
372.85 202.599
389.678 202.515
405.046 206.337
389.994 212.096
373.39 212.875
273.626 342.333
291.33 331.306
309.105 323.706
326.449 326.671
341.755 320.773
361.232 324.767
381.366 333.562
363.007 346.292
345.274 353.404
328.752 355.68
310.954 356.296
292.549 352.751
281.831 342.547
310.238 338.292
327.525 338.428
342.932 335.171
373.107 333.982
343.006 331.858
327.434 334.757
309.91 334.597
