244.01 249.224
246.003 274.654
248.768 299.898
251.554 326.268
258.722 351.463
274.254 373.575
297.701 390.262
324.381 403.686
355.357 408.263
384.198 404.895
408.752 391.8
430.762 375.768
446.155 355.644
454.573 332.132
460.762 308.571
465.816 284.565
469.498 260.72
265.741 223.169
279.718 205.524
303.168 198.91
327.759 201.97
350.12 212.913
376.329 215.484
397.645 207.335
421.37 206.341
442.17 214.588
452.392 233.239
362.872 234.14
362.753 251.106
362.92 267.445
363.041 284.593
338.7 302.719
349.734 304.867
360.504 307.092
371.478 305.688
381.681 303.592
293.312 242.641
305.324 235.926
319.677 235.191
333.588 242.876
319.734 246.938
305.053 247.284
387.017 245.58
401.109 239.098
414.831 241.453
426.222 248.895
414.415 251.839
400.55 250.409
314.374 336.151
332.902 328.911
349.578 324.798
359.33 327.953
369.599 325.679
383.914 331.142
399.159 339.279
383.104 347.954
368.579 351.716
357.763 351.919
347.025 350.591
331.689 346.398
320.492 336.588
349.075 335.326
359.147 336.723
369.582 336.23
392.315 339.638
368.597 336.33
358.378 337.149
348.355 336.033
