206.415 198.279
208.188 232.531
213.02 266.989
219.665 300.275
232.38 332.164
252.206 361.277
276.994 384.798
306.332 401.171
338.046 404.179
369.395 397.928
393.662 377.87
414.296 352.47
429.648 323.179
439.251 291.635
444.08 259.487
447.081 226.186
446.15 195.18
222.65 192.216
238.508 174.298
263.497 170.468
289.09 173.842
314.731 181.835
341.222 181.052
365.929 171.568
391.625 168.277
416.01 171.515
432.362 188.88
328.587 196.913
329.557 217.596
330.464 237.764
331.577 259.154
307.247 277.06
319.205 280.222
332.081 284.111
345.218 279.995
357.233 275.853
252.06 202.245
265 193.222
281.785 192.659
298.266 203.539
281.533 207.245
264.647 207.69
358.342 203.239
372.61 191.956
390.046 191.681
403.919 199.353
390.885 205.7
373.661 205.9
285.895 322.82
301.535 311.578
318.795 305.736
333.349 309.752
346.735 305.186
363.813 310.077
379.762 320.519
364.782 333.731
349.299 340.957
335.198 342.899
319.919 342.187
303.285 336.012
294.038 323.024
319.094 320.954
333.832 322.27
347.416 320.004
371.845 320.631
347.905 321.089
334.569 323.831
319.559 321.943
