215.546 239.214
216.546 268.708
219.354 297.683
222.659 327.418
231.666 356.447
248.463 381.011
269.272 402.102
294.097 419.111
323.55 425.349
352.523 422.714
377.935 408.058
400.813 388.955
419.595 365.631
431.068 339.085
438.344 310.473
445.078 282.325
448.92 254.011
236.886 212.682
252.055 197.908
273.652 192.993
295.404 196.924
315.225 207.847
355.706 210.702
376.231 201.942
397.939 200.937
418.385 208.106
431.028 225.058
334.46 231.728
333.317 252.455
332.208 273.074
330.985 294.292
308.563 310.325
318.02 313.827
329.003 317.531
340.212 316.038
350.146 314.237
258.553 234.604
272.032 226.192
289.513 227.736
304.091 240.212
287.74 242.737
269.898 242.043
361.671 245.074
376.847 233.717
394.764 235.075
407.455 245.659
395.126 250.826
377.243 249.683
281.431 347.564
299.329 339.574
316.376 335.573
326.795 340.324
337.88 337.454
354.727 345.399
371.029 356.07
353 368.217
336.373 372.095
324.395 371.757
312.347 369.442
296.797 362.605
288.505 348.734
315.128 350.078
326.244 352.671
337.507 352.444
363.947 356.158
336.797 351.663
325.668 352.046
314.449 349.503
