181.296 239.4
184.546 266.721
191.593 295.001
199.753 322.658
209.975 350.124
226.069 373.624
249.896 389.428
277.579 400.781
309.503 402.514
344.572 397.853
377.708 384.503
408.568 366.123
428.781 341.115
438.212 311.374
441.07 280.496
441.551 250.244
441.777 219.128
193.851 211.578
204.317 189.528
226.793 180.284
252.531 180.125
277.335 186.307
302.535 183.48
329.191 172.02
358.362 168.701
385.321 177.491
404.194 196.629
289.279 199.717
288.657 219.159
287.655 238.416
286.798 258.673
269.397 278.731
280.554 282.232
292.987 284.639
307.09 279.523
320.663 275.389
223.755 220.867
234.946 210.249
250.749 206.828
267.876 213.904
252.486 219.394
236.92 222.516
326.772 208.859
342.525 199.941
358.327 200.702
372.633 208.803
358.616 212.327
342.535 211.852
258.056 324.237
273.105 315.756
287.467 309.668
298.89 311.348
310.789 307.482
328.628 309.96
353 314.736
331.142 324.352
314.789 329.188
301.92 331.726
289.816 331.995
276.027 331.49
265.041 324.062
288.446 318.264
300.001 317.965
312.182 315.322
345.257 315.434
312.237 315.052
300.166 317.553
288.531 317.533
