192.462 224.255
194.369 252.032
197.497 280.25
202.19 308.004
211.924 334.102
228.38 355.556
250.3 373.076
272.97 384.872
297.994 388.923
323.537 384.238
347.527 370.991
368.492 354.669
385.311 334.08
395.193 308.155
399.909 280.216
403.465 252.58
404.026 224.941
207.21 201.855
220.494 187.533
240.63 183.864
260.568 186.865
280.135 194.995
313.761 196.744
332.402 188.538
351.799 186.737
371.427 191.148
385.231 203.942
296.237 213.629
296.054 229.624
295.918 245.752
295.757 262.434
276.243 279.919
285.5 282.956
295.563 285.112
305.621 283.261
315.662 280.643
231.97 214.349
244.12 205.449
260.376 205.76
273.033 219.843
258.591 222.771
242.472 222.138
323.096 220.947
335.604 208.345
351.108 207.969
363.761 217.324
352.772 223.9
336.773 224.334
258.824 317.746
273.888 310.375
287.564 305.829
296.854 308.786
305.878 305.651
319.531 310.522
335.595 317.268
319.736 324.943
306.682 328.242
296.656 329.233
286.229 328.129
272.927 325.282
264.526 317.833
287.506 315.458
297.081 316.54
306.525 315.348
328.814 317.228
305.895 315.968
296.512 317.426
286.746 316.333
