188.448 247.582
192.167 276.414
198.682 305.517
208.112 334.421
221.87 360.499
241.755 382.501
265.163 400.023
289.962 412.64
319.474 414.806
347.594 410.375
373.394 395.895
396.084 375.855
414.935 349.716
425.521 321.334
432.63 290.156
434.788 259.271
432.79 227.31
207.092 224.226
218.424 204.236
239.794 194.391
264.022 194.79
286.098 203.228
328.051 198.677
348.14 187.372
371.654 185.064
393.297 191.639
407.809 208.57
307.984 228.88
308.903 247.183
309.637 265.122
310.361 283.39
283.792 302.515
297.49 304.628
312.031 306.767
326.161 302.955
339.677 299.669
233.638 241.316
246.723 233.52
262.954 231.523
277.073 240.398
263.525 245.082
247.142 246.316
341.498 236.061
355.664 225.843
371.65 225.137
384.849 232.319
373.233 238.387
357.063 238.903
266.909 345.566
282.044 330.819
301.08 322.744
313.128 325.519
325.749 321.929
345.2 328.316
363.516 340.786
347.268 359.894
329.036 369.204
315.308 371.12
301.796 369.865
282.81 362.907
274.554 345.152
301.667 338.968
314.102 339.321
327.201 337.759
355.377 340.749
327.398 349.979
314.274 352.073
301.492 350.977
