223.532 229.951
224.746 256.1
226.85 281.553
232.068 307.424
242.968 331.018
260.726 351.422
283.439 368.075
308.198 379.472
337.571 382.463
366.354 379.609
390.753 368.57
412.125 351.36
428.05 329.815
437.096 304.873
442.488 278.722
445.063 253.98
444.738 229.069
241.424 196.444
255.471 181.481
276.535 176.06
298.269 176.74
319.896 183.328
352.334 185.001
373.638 178.927
394.636 179.546
413.798 185.999
428.796 199.338
336.295 209.814
336.402 225.914
336.568 241.441
336.717 257.683
311.284 276.362
324.221 278.345
337.488 280.622
349.899 278.189
362.473 276.205
263.644 215.78
276.832 206.833
293.064 206.811
307.17 217.992
292.493 220.868
276.168 221.049
365.035 219.413
379.505 208.369
395.346 209.193
407.631 218.406
395.981 222.894
379.754 222.377
288.446 309.741
307.568 299.137
326.259 292.97
337.792 295.609
348.967 293.027
367.725 299.468
385.508 311.096
368.496 326.036
351.226 333.26
338.731 334.63
325.833 333.745
307.544 326.27
296.696 310.983
326.195 308.851
337.968 309.579
349.432 308.93
377.819 311.328
350.032 313.517
338.213 314.4
326.203 313.457
