186.52 235.534
187.917 264.803
191.481 294.044
194.381 321.365
201.097 349.136
215.893 372.774
238.252 390.379
265.584 404.886
297.179 408.934
328.652 405.792
356.913 393.201
381.559 376.262
397.688 353.426
406.34 325.401
411.299 296.195
415.669 266.952
418.122 238.243
200.01 214.603
214.181 200.055
236.272 194.882
259.487 198.417
279.363 208.571
314.815 208.609
335.801 200.258
359.116 198.627
380.983 204.267
395.328 218.481
296.504 229.254
295.727 247.831
295.095 266.228
294.542 284.628
273.511 303.018
284.094 305.726
294.727 308.288
306.352 305.97
316.903 303.387
226.095 232.157
239.382 223.697
256.088 224.355
270.606 237.287
254.839 239.812
237.771 238.961
324.422 239.005
339.737 227.185
356.64 227.686
369.478 236.141
357.522 241.586
340.232 241.898
253.256 342.547
269.207 332.399
284.234 326.539
294.947 329.402
305.757 326.998
321.817 332.92
340.212 342.668
322.024 348.732
307.192 351.727
295.771 352.081
284.521 351.337
270.005 348.364
260.288 342.423
284.412 339.021
295.339 339.732
306.238 339
333.123 342.254
306.196 336.422
295.33 337.378
284.54 336.81
