168.513 232.634
171.277 263.48
175.066 296.377
180.089 327.825
190.838 358.648
210.937 385.198
236.544 407.751
264.598 425.877
300.855 430.809
335.254 427.364
361.771 409.045
385.703 386.257
403.773 359.145
413.416 329.198
418.743 298.136
423.681 268.856
426.054 239.781
190.066 215.444
206.135 193.151
234.144 186.731
263.065 189.475
290.02 199.805
319.07 202.506
344.172 194.85
370.928 193.974
394.489 200.591
408.47 220.17
304.103 221.393
304.266 241.701
304.525 261.636
304.98 282.954
275.205 302.563
288.639 306.088
302.707 309.409
316.255 307.189
328.759 303.647
220.579 229.208
235.037 220.394
252.983 220.064
269.296 231.182
252.245 235.809
233.998 236.176
331.67 234.158
347.358 224.395
365.313 225.648
379.204 235.376
365.707 240.705
347.196 239.597
251.437 347.976
269.171 340.083
286.933 335.186
300.769 339.748
314.01 335.796
331.253 341.78
348.056 349.995
330.992 364.908
314.618 370.508
300.635 371.248
285.469 369.569
269.059 363.163
259.293 348.621
286.464 348.38
300.806 350.74
314.013 349.471
340.769 350.388
314.064 349.24
300.983 351.018
286.485 348.638
