194.687 217.082
199.682 248.096
205.489 276.293
210.18 305.517
217.314 334.502
233.393 360.087
257.118 380.581
285.334 395.6
316.905 399.423
345.163 393.309
368.644 376.999
388.882 356.151
402.383 331.473
410.13 304.506
415.314 276.694
421.189 249.388
425.509 219.842
213.909 206.534
227.121 190.439
249.388 184.526
272.48 188.381
295.015 196.604
339.343 199.083
359.183 190.567
380.21 187.46
401.136 191.909
415.618 205.703
316.968 216.398
316.829 236.387
316.826 256.408
316.791 277.046
295.791 292.217
305.861 295.128
316.731 298.438
327.424 295.513
337.732 291.906
240.1 222.633
253.451 213.492
270.758 212.682
286.702 224.901
270.503 229.129
252.948 229.701
347.331 226.079
362.46 214.687
379.331 215.38
391.389 224.742
379.746 231.692
362.757 230.508
271.105 327.652
289.888 323.515
306.324 319.332
316.817 322.638
327.307 319.546
342.081 323.002
358.463 326.99
341.152 337.13
326.647 341.987
315.646 343.007
304.765 341.968
289.049 338.005
276.917 328.783
306.08 327.704
316.936 328.887
327.603 327.47
352.079 327.984
326.562 328.089
316.103 330.085
305.278 328.919
