192.038 220.858
194.588 248.072
200.246 274.73
208.971 300.697
220.098 325.565
237.321 347.668
262.822 362.037
291.158 370.132
318.347 372.031
344.294 366.416
368.323 354.114
390.148 338.206
403.895 316.546
412.341 292.382
418.42 268.419
423.559 242.759
426.143 217.207
218.067 193.444
235.465 180.282
257.12 173.639
280.305 173.572
301.837 180.913
328.806 181.666
348.604 174.258
371.042 173.44
391.546 178.713
405.923 192.197
315.123 199.377
315.639 217.005
316.453 234.082
317.281 251.421
297.629 275.067
307.317 276.744
316.789 277.857
326.468 275.857
335.748 272.142
244.041 209.359
257.279 200.734
272.328 200.034
287.901 210.393
272.182 213.03
257.043 213.706
339.231 209.87
353.199 199.244
368.251 199.621
380.896 207.069
368.646 211.699
353.409 211.663
274.744 311.846
293.278 304.071
308.005 298.421
317.758 300.347
326.833 297.362
340.956 300.996
356.708 306.743
341.974 315.734
328.992 320.509
319.132 322.232
308.895 322.028
294.179 319.803
281.815 311.794
308.289 308.756
318.123 308.644
327.703 307.21
350.868 307.737
328 308.798
318.512 310.233
308.794 310.107
