206.211 204.489
210.381 234.585
217.648 263.816
224.868 291.52
235.044 319.013
250.595 343.013
271.734 361.562
296.996 374.192
325.552 375.687
354.41 370.178
380.82 355.082
402.131 333.243
416.641 307.117
424.539 278.392
428.873 249.342
430.266 220.254
430.906 189.845
215.439 187.781
228.989 171.904
250.572 166.506
273.845 166.977
295.721 173.161
321.683 170.127
343.603 161.36
368.125 158.422
391.467 162.227
408.25 174.227
311.374 192.382
312.52 213.005
313.716 233.406
314.964 253.836
295.551 268.411
305.95 271.631
316.882 273.948
327.62 269.871
337.337 265.371
243.552 202.594
254.255 193.856
269.977 192.549
284.8 201.7
270.838 205.817
254.883 207.42
341.509 197.44
354.848 186.248
370.308 185.353
382.949 192.34
372.227 198.649
356.589 199.377
282.962 310.725
295.369 300.784
308.464 295.104
318.189 297.31
328.102 293.735
341.253 297.787
357.457 305.737
342.474 316.275
330.445 320.922
319.773 323.147
309.831 323.097
296.539 320.669
289.637 310.344
309.191 305.521
318.958 305.555
329.032 303.974
350.401 306.447
328.526 305.045
318.336 306.823
308.915 306.609
