201.958 187.458
204.209 219.022
207.235 250.858
212.441 282.901
223.665 313.401
243.265 339.765
267.039 362.869
293.411 380.196
324.157 385.212
354.918 380.5
380.14 360.788
403.404 337.022
421.773 309.576
431.644 279.557
436.923 248.679
441.174 218.842
443.555 189.741
222.626 177.202
238.764 160.378
263.509 154.127
288.9 158.01
311.608 168.294
336.096 169.171
360.524 158.398
386.413 155.172
411.188 162.031
427.066 180.935
322.827 187.235
322.469 211.146
322.093 234.665
322.095 258.587
297.069 267.956
308.526 273.657
321.765 278.944
335.844 274.201
348.598 268.585
250.568 191.744
262.61 184.185
279.218 184.07
294.532 194.549
278.508 197.957
261.642 197.97
353.609 194.746
368.641 184.561
385.211 184.997
397.645 192.14
385.879 198.323
369.349 198.226
279.116 304.814
297.502 302.715
312.258 300.061
323.092 303.781
334.45 300.363
351.13 302.998
370.223 305.087
351.723 318.823
336.014 324.379
324.145 325.311
312.158 323.983
298.213 318.125
286.108 306.885
312.241 309.099
323.495 311.173
334.945 309.208
363.78 307.104
334.862 308.649
323.831 310.389
312.547 308.296
