186.611 173.525
190.191 203.236
194.928 230.324
198.018 258.447
205.05 287.032
220.633 311.216
243.788 330.091
270.568 344.814
299.855 349.192
329.18 344.265
355.469 329.524
377.259 311.021
393.677 288.282
401.048 262.89
405.005 235.009
407.994 209.024
411.125 180.828
205.04 158.766
220.644 145.639
242.304 142.843
264.522 145.026
284.278 154.227
321.626 154.709
341.219 148.083
361.895 146.588
382.051 151.607
396.611 164.117
303.051 175.001
302.773 194.842
302.684 214.378
302.717 233.962
277.835 245.229
289.617 249.299
301.69 253.118
313.171 250.006
323.77 246.677
229.953 176.655
242.449 166.787
259.958 167.291
273.7 181.35
259.044 183.587
241.398 183.207
328.737 182.667
343.156 169.026
360.022 169.343
371.743 179.434
361.056 185.572
344.17 185.462
255.243 277.302
272.689 272.125
289.708 268.15
300.119 271.347
311.359 268.976
326.801 273.075
344.261 278.614
326.366 290.795
311.577 295.433
299.699 296.62
288.768 295.488
271.901 290.349
262.075 278.348
289.434 279.295
300.14 280.781
311.319 279.532
336.63 279.919
311.159 278.314
299.948 279.089
289.549 278.309
