155.262 183.376
157.491 211.264
162.35 237.727
167.266 265.926
175.512 293.548
192.124 316.099
214.865 334.607
239.763 348.838
268.519 354.259
298.369 351.034
327.306 337.413
351.459 318.887
369.095 296.035
378.455 269.012
383.577 241.091
386.818 214.066
389.214 184.998
173.362 162.657
187.512 148.755
208.476 143.939
230.904 146.238
251.174 155.321
281.289 155.919
301.171 147.297
323.537 145.153
345.271 149.615
362.03 162.347
268.021 171.877
267.908 188.934
267.704 205.558
267.674 222.687
247.817 240.52
257.911 243.688
267.952 246.037
278.465 243.885
288.274 240.999
199.324 174.54
211.11 165.264
226.812 164.89
240.469 176.992
226.492 178.139
210.447 178.599
295.595 178.688
309.808 166.574
325.89 167.159
338.14 176.701
326.384 180.62
310.356 180.309
227.374 279.41
243.139 270.321
258.719 264.802
267.918 268.033
278.002 265.356
293.097 271.184
309.115 281.357
292.347 288.016
277.935 291.151
267.527 291.984
257.606 291.124
243.031 287.688
233.804 278.981
258.555 275.685
268.174 277.018
277.975 276.253
302.186 280.582
277.505 276.782
267.468 277.582
258.137 276.756
