179.129 168.328
181.444 197.016
185.846 224.527
192.463 252.383
203.545 277.893
221.62 300.168
247.914 316.296
275.577 328.773
306.288 333.007
335.403 328.294
363.069 314.784
389.181 296.742
407.251 272.429
417.598 244.633
422.629 216.183
425.044 187.754
425.308 158.646
201.218 143.678
216.225 129.157
238.113 123.536
261.023 126.486
283.273 132.685
313.822 132.526
335.561 124.881
358.576 120.995
380.798 125.206
398.785 138.238
299.773 150.086
300.237 165.27
300.585 180.051
300.899 195.577
279.769 219.828
291.129 221.94
302.014 223.738
313.293 221.24
324.56 218.886
229.371 156.29
242.313 149.635
256.702 148.863
269.871 156.811
256.615 158.244
242.617 158.957
330.702 156.833
343.953 147.766
357.866 148.112
371.547 154.015
358.399 157.783
344.714 157.923
259.324 257.341
275.295 247.419
291.071 242.468
302.582 245.685
314.704 242.626
331.777 247.329
348.816 256.369
331.616 267.658
315.48 272.898
302.259 274.076
289.934 272.723
274.994 267.808
266.625 257.087
291.15 255.303
302.736 255.75
315.31 255.284
341.255 256.38
314.777 257.979
302.153 259.083
290.327 258.021
