176.293 192.355
179.051 221.361
183.562 250.086
188.121 279.449
196.245 308.325
211.473 332.746
231.941 353.469
255.36 371.198
283.665 375.474
314.511 370.137
341.167 351.981
363.427 331.056
380.193 306.759
389.377 279.8
394.034 250.147
397.602 220.901
400.472 189.541
186.115 174.875
196.062 156.743
216.699 150.319
239.295 150.229
260.579 157.993
300.68 156.701
321.595 147.775
345.135 146.987
367.315 153.147
381.655 168.722
278.535 179.173
277.851 200.391
276.817 221.461
276.202 242.871
257.061 255.685
267.094 260.457
278.438 264.248
290.993 260.352
302.919 255.174
211.626 187.839
223.714 180.583
239.929 179.418
255.513 188.95
239.764 192.136
223.351 192.815
310.825 188.089
325.68 179.625
341.825 179.562
353.809 186.546
341.916 191.472
325.879 190.847
236.762 293.433
252.455 287.168
267.705 282.629
280.832 285.487
293.313 281.997
310.804 284.446
330.083 290.333
311.479 300.913
293.77 305.773
281.116 307.419
267.305 307.034
252.754 303.65
244.306 293.759
267.578 291.733
280.995 292.93
293.444 290.674
322.888 290.776
293.494 290.113
281.113 291.878
267.663 291.31
