178.657 223.059
180.472 253.866
184.012 285.012
190.612 315.134
202.508 345.052
221.743 372.177
246.323 394.855
273.256 411.242
303.936 415.174
333.762 407.841
358.164 388.846
378.47 365.133
393.062 336.194
400.967 304.576
404.202 272.851
404.54 243.124
401.967 215.091
197.973 206.712
209.999 189.577
231.821 183.238
253.962 185.407
273.901 193.647
309.195 191.026
328.051 180.549
349.413 176.505
370.341 181.247
383.628 196.709
293.079 208.364
294.194 228.569
295.119 248.61
296.412 269.754
275.609 286.199
285.991 289.28
297.145 292.346
308.208 288.583
318.008 284.276
223.34 218.187
234.335 210.265
248.67 209.071
263.687 216.573
249.629 219.601
235.214 221.105
321.799 212.679
335.356 203.969
349.91 204.135
361.363 210.794
350.279 214.895
335.757 214.607
257.214 326.643
272.885 318.586
287.962 312.93
298.201 316.027
307.984 312.156
324.192 316.494
341.405 321.906
326.093 334.806
311.631 339.846
301 341.493
289.896 341.158
274.695 337.956
263.532 326.744
288.611 325.656
299.125 326.616
309.286 324.408
334.861 322.515
309.608 323.25
299.578 325.196
288.965 324.409
