232.51 205.07
236.236 230.921
240.99 256.668
247.691 282.003
258.295 305.419
273.848 325.87
293.915 343.033
316.505 355.983
339.806 360.471
363.124 356.011
384.089 342.855
402.944 324.332
417.844 302.296
427.456 277.704
432.727 251.199
435.381 223.198
436.181 195.394
247.612 198.828
261.63 185.807
280.868 180.823
300.92 181.954
319.964 187.7
353.298 184.67
372.226 176.927
392.374 173.362
411.437 176.605
424.712 189.153
337.78 208.601
338.416 222.887
339.018 237.32
339.529 252.595
318.983 263.477
328.718 266.764
338.986 269.438
349.096 266.968
358.671 264.019
273.274 210.386
284.734 204.057
298.556 203.865
311.914 212.358
298.405 214.636
284.469 215.065
361.877 210.154
375.191 200.15
389.122 199.516
400.973 205.053
390.397 210.843
376.449 211.258
300.37 292.53
314.82 286.492
329.326 284.034
338.129 286.176
347.392 284.161
361.953 286.978
377.407 291.739
362.128 302.797
348.003 306.869
338.173 307.598
328.532 306.637
314.481 301.849
305.858 293.096
329.221 293.15
338.399 294.095
347.93 293.19
371.346 292.561
347.158 295.009
337.785 296.011
328.665 294.75
