192.689 168.56
193.111 198.52
196.411 228.691
201.437 257.399
211.566 283.777
226.857 306.505
248.614 321.894
271.671 334.101
297.67 339.419
323.826 336.758
350.597 327.486
376.719 312.042
393.933 290.519
405.102 263.945
411.654 235.441
417.361 206.537
421.309 176.867
206.374 152.207
220.804 136.336
241.974 131.066
264.373 135.993
285.12 146.547
320.815 149.852
341.693 140.459
364.831 138.023
387.084 143.872
402.134 160.227
301.465 167.445
300.633 184.314
299.964 201.273
299.181 218.715
278.495 237.04
288.005 240.464
298.223 242.727
309.865 241.336
321.182 238.776
232.445 164.995
245.131 155.622
261.838 156.695
274.956 171.827
259.577 173.346
242.947 172.129
330.59 174.624
344.323 161.976
360.52 161.637
372.795 171.832
361.495 177.5
344.98 177.251
262.978 279.836
276.776 269.686
290.69 264.433
298.951 267.597
307.714 265.076
321.494 271.276
336.288 282.569
320.71 288.415
306.938 290.552
297.955 290.335
289.019 289.01
276.548 286.161
269.952 279.209
290.215 275.749
298.946 276.548
307.895 276.454
329.563 281.204
307.168 277.23
298.474 277.27
290.159 275.939
