200.943 204.714
201.853 232.572
204.355 260.597
208.323 288.048
217.493 314.605
234.447 336.937
258.833 351.174
286.598 362.047
315.525 366.316
343.587 363.256
368.914 352.867
393.245 340.217
410.527 319.455
420.818 294.612
428.188 267.239
433.899 241.208
437.022 214.87
228.183 159.084
243.101 145.223
262.955 137.586
285.602 137.491
306.835 144.989
349.453 147.942
369.246 142.149
390.779 144.662
409.876 154.151
422.125 170.521
325.858 174.63
325.271 189.767
325.017 204.565
324.63 219.906
301.059 247.063
311.298 249.493
322.057 251.037
333.336 250.538
344.068 248.935
251.709 179.387
264.061 168.953
279.852 168.129
294.618 181.19
279.505 183.31
263.359 183.389
355.224 185.335
369.865 173.76
385.813 175.41
397.4 187.714
385.177 190.812
368.973 189.144
278.152 290.835
296.196 279.461
312.226 273.372
321.155 275.947
329.689 274.595
344.26 281.886
360.613 295.399
342.72 300.842
328.754 301.555
319.472 301.645
310.057 300.316
295.164 298.19
285.785 289.993
311.469 285.221
320.598 286.026
329.41 286.375
353.455 294.208
329.026 286.692
320.268 286.964
311.466 285.971
