193.325 207.395
197.996 235.428
204.19 263.641
211.961 291.471
225.405 318.16
246.27 340.541
270.735 357.321
297.382 370.771
325.792 372.894
355.103 366.094
379.784 349.966
403.969 330.6
421.605 306.419
431.294 278.997
434.689 249.657
436.183 220.384
437.008 192.204
209.646 185.443
223.011 167.545
245.658 160.398
269.83 158.954
292.529 165.71
320.08 163.178
342.725 152.616
367.399 151.073
390.925 156.3
409.945 169.918
306.763 185.773
306.979 202.668
307.088 219.493
307.393 236.937
290.525 259.632
300.045 261.07
310.4 262.282
321.485 259.833
332.557 257.748
237.948 197.562
249.196 186.826
265.672 185.256
281.239 196.488
265.866 201.101
249.518 202.288
339.528 192.21
352.95 180.007
369.874 179.48
383.417 187.554
371.503 193.955
354.584 194.716
271.827 301.387
288.164 293.175
302.139 286.494
312.919 288.562
323.194 284.708
341.107 289.272
362.336 295.375
343.027 306.778
326.909 312.495
315.869 313.936
304.417 313.785
289.977 310.162
278.955 301.945
303.027 297.915
314.066 298.327
324.548 296.151
354.654 296.29
324.688 296.969
314.253 298.9
303.366 298.069
