194.563 163.447
196.349 194.276
200.494 225.731
205.894 258.012
216.216 289.522
234.446 317.666
258.173 342.786
284.423 361
313.328 365.575
343.29 360.613
367.726 342.555
390.248 318.877
406.537 290.697
415.562 260.324
420.431 228.952
424.063 197.43
425.092 166.339
212.648 144.91
227.021 128.518
250.46 125.506
273.805 129.941
296.789 140.05
332.111 140.8
354.35 132.345
376.916 130.141
398.568 134.127
411.198 151.112
314.876 163.279
315.237 186.26
315.694 209.123
316.119 232.005
290.966 244.91
302.169 248.449
314.451 251.946
326.169 249.251
336.86 245.944
241.361 164.624
254.054 157.641
269.939 157.943
285.253 168.203
269.061 170.019
252.932 169.995
340.408 170.391
355.637 161.358
370.871 162.139
383.034 169.98
371.039 174.203
355.538 173.461
270.072 281.848
286.785 276.828
302.444 272.96
313.341 276.492
324.998 272.899
339.867 276.76
355.368 281.468
339.246 294.322
324.821 299.55
312.522 300.627
300.719 299.513
286.264 293.345
276.449 283.436
302.075 282.969
313.399 284.52
325.36 282.917
348.678 283.027
324.289 283.166
312.633 285.007
301.399 283.251
