142.69 179.454
145.743 209.201
150.498 240.145
156.699 268.074
168.865 294.73
188.953 316.581
214.785 333.431
242.028 346.576
272.592 350.254
301.769 345.708
325.876 330.462
347.535 312.42
363.035 288.998
371.955 261.972
376.869 235.229
380.78 206.522
382.644 178.603
161.487 164.21
178.759 144.494
206.068 137.709
234.001 142.074
259.561 153.894
277.825 155.017
301.297 143.513
326.837 139.512
351.582 144.275
368.302 160.991
270.758 173.159
271.216 189.991
271.933 206.766
272.582 224.721
247.797 243.848
259.148 246.405
271.215 248.622
282.425 246.34
292.81 243.064
190.371 177.706
205.058 169.091
222.373 169.576
237.935 182.185
221.453 185.006
203.718 184.495
297.376 182.834
311.89 170.357
328.947 170.328
342.538 178.358
330.501 184.719
313.333 185.231
225.289 284.474
243.442 273.269
260.817 267.495
271.271 270.429
282.309 267.145
299.071 272.838
314.653 282.707
299.456 297.35
284.134 302.03
272.042 302.645
260.298 302.05
243.633 296.828
233.494 284.045
260.74 281.371
271.63 282.277
282.762 280.729
307.22 282.729
283.016 282.226
271.681 283.634
260.699 282.589
