178.678 179.948
181.868 213.433
189.356 246.319
196.459 277.859
207.392 308.545
226.615 335.453
251.421 355.608
279.429 369.446
309.801 372.106
338.929 365.682
363.721 349.389
385.023 327.539
400.305 300.312
407.845 270.105
411.631 239.387
415.528 207.71
416.629 175.272
194.467 168.86
210.953 153.382
234.891 150.777
259.413 154.171
281.929 161.978
309.568 162.733
332.145 153.772
356.326 150.171
380.468 152.062
398.18 166.071
295.779 177.382
296.298 197.317
296.987 216.977
297.861 237.539
277.09 254.04
287.894 257.054
299.292 259.95
310.787 256.037
321.437 252.13
224.58 182.543
236.935 175.418
252.087 174.908
266.97 183.284
251.934 185.659
236.813 186.395
327.281 181.945
341.254 173.252
356.623 173.398
368.947 179.227
357.052 183.811
341.956 183.77
260.158 297.283
273.525 285.326
288.299 278.858
301.812 281.438
315.691 277.349
331.916 281.9
346.568 291.967
333.683 305.524
319.5 313.512
304.85 315.226
290.722 315.215
275.335 310.319
267.201 296.743
288.906 290.195
302.593 290.814
316.57 288.213
339.672 291.579
317.343 296.172
303.54 298.493
289.721 297.146
