254.981 220.12
257.867 243.652
261.623 266.398
264.674 288.951
270.418 312.146
282.661 332.534
299.988 348.217
320.713 360.191
345.495 364.678
371.388 361.306
395.184 351.271
414.399 336.077
428.374 316.353
435.551 293.462
438.507 268.598
441.742 243.419
444.034 218.973
265.511 206.563
276.721 194.383
293.122 189.77
311.478 190.5
329.206 195.984
352.489 196.738
371.137 190.867
391.086 189.694
409.606 193.821
423.682 205.517
341.505 210.648
341.471 222.145
341.443 233.549
341.296 245.729
324.668 264.38
332.85 266.584
341.772 268.425
351.288 266.578
360.383 264.634
286.115 217.247
295.663 210.963
308.428 210.057
321.216 217.632
308.551 220.222
295.653 221.01
364.968 217.339
377.282 210.197
390.309 211.049
401.431 217.116
390.378 220.431
377.185 219.706
307.981 300.841
319.75 291.723
332.322 287.329
341.32 289.765
350.676 287.372
364.755 292.069
379.846 301.238
365.129 309.974
351.746 313.288
341.813 313.619
331.831 312.477
319.911 308.427
313.681 300.26
332.246 297.272
341.522 298.051
351.012 297.299
373.739 300.559
351.169 300.015
341.766 300.517
332.28 299.338
