206.799 217.179
210.059 243.003
214.938 268.311
219.02 292.929
227.268 316.262
242.604 335.471
262.849 350.908
286.367 362.388
311.873 365.133
335.856 360.227
356.026 346.326
373.552 330.266
385.801 310.1
390.689 287.021
393.317 263.531
396.76 239.006
399.097 214.862
224.101 204.82
237.007 194.658
254.525 192.441
272.26 193.776
288.73 200.108
318.509 200.649
334.664 193.805
352.751 191.752
370.243 194.053
383.157 204.133
305.437 217.689
305.994 234.045
306.56 250.378
307.253 266.981
290.608 279.378
298.265 282.387
306.844 284.337
315.175 282.13
322.83 278.843
246.557 221.7
256.551 216.092
269.958 215.984
281.475 224.13
269.31 226.619
255.731 226.683
328.062 223.963
339.732 215.943
352.865 215.581
362.711 220.864
353.651 225.966
340.391 226.267
275.625 308.147
288.205 302.175
298.764 298.515
307.765 300.833
316.126 297.914
327.107 301.204
338.571 306.753
327.884 314.294
318.141 317.297
309.035 318.302
299.697 317.978
288.796 315.692
281.287 308.528
298.73 306.629
307.933 307.368
316.513 306.02
333.212 306.864
317.098 304.732
308.484 305.708
299.464 305.122
